0100110111011111010111111
1011110111111111011110111
0101111101011111111111110
1110110110111110100011110
1111011111011111111110111
1110001111111111111101111
1011100101111111111101111
0111110011110111111111111
1010111101111110111001111
1111011110111111111111110
1111111011011111111111110
0111010111100110101110101
1010111110110111110111111
1111110011111011010111111
1100111001111001011011111
1101011111111010101101110
1110011111111101001111111
1111111111111110100000110
0110101111111011100100101
0011110011111100101001001
1110111011101111101100111
1011111011111111100000000
1100111011011110111100011
1111111110011111111110000
1101101101111111100010110
