0111111111111111100111011111110111011111000111110110111111111111111110111110110101111101101100110111111110110011111111111101111011101111111111101110111001011111110101010111011
1011101011111100110111111011111111111011111101011111011111111010010010111111011111111011111110111110011011101111111101010111110101111110101011000100011111111101101111011111111
1101110101111011101110111010111011111011110111111111111011001101011011011101010111111111011111101111101111111101101111101111111011101101101111101111110001101110110010000111111
1100111111101111111011110111110111101001011011111011111100011101101110111110101101110101110111111111110111110111110111111111101111011111101111110111111111111111101111001111011
1100011111111110101110111111011011101101011111010011011010111111111011011111011111101111111110000101111101111111101111010101111111111111111011100110000111110101111011111101101
1111101111001100111111111110111111111011110111011111111110011111111000101111000110011001111001001111111011110011001100111111011110111110011111110110101111011111111111101111011
1111100011101111111111111111111101011101111111110111111111111111101101101111110011011101100111010111101111110111111111111001011111101111110111110111111110110110110011110111011
0111010010110111110110011111111111011111111110111101101111001111111111101111111111010111110111010111111111111111111111111101011111111111111111101111110111011110111110010111100
1111111101010111111011111111110110011111111101110100110110011111111111111010111111111111111111111100011111011111110111111110110011111010101101111110111101110111111110000110111
1111110100101101110111111111111111100111111111111111110110111101111111011111101011111110111111101111110111111111010001011111101110111111100110111010111111011111100100111111110
1110110111010111011111111110000101111111110110111111011111110111111111100101111111101111011111111100011101111101111101111111011111111111100111101011011011111111111111110111101
1111011111101111101111101111101011111111110111111111100111111101111111101111011111111111001110111111011111110111111111111111111111110111110111101110101011111111011011101111111
1110001111010011100101101110101101101111101111110111101011110101110111111111111110111111101010111110111111011101110111011111111101011111101111011111001111010111111110011111111
1010111110111010111110011111111111111111000111111111101111011111100111111111101010101101111111111111111111111111011111111111010111001111011111111011111110110111111111010101111
0101010010111101011101111111011111111001111111111111101110111111111111011011010011101111111111110110101110011111111100001011111101110111110111111110101111111011111111111111011
1111111011111010011111011101011101101101111111110110111001110111111111010111011010111111111110111111111011111111000111101011111111111111010011000110111111111110110111111000011
1011111111100110011011011111111001111111111101111101101110111101111111111111011111101111111011111011111111111111111011111111101111101110110010111010110111111111001111110111101
1111111110111111100010101100101011011101001000110110100100010010011110001010011011110000111000001010011110000010011011000001110010100001100100100000100111100110000000010000110
1001101011111111100000101000100011010010101000001010011011001000010011000110001001000110010011100110001000110100001100111010111001010000000000010010011111011001100110001100110
1111101110111111100011100110000110101001000001101001100111000001011010000000100011000010100010100000001000000010010111010010010111111000101100100000000101000000110111001000001
0111111010111110011000100100011100110010000000011001111100000110000100110111000001101100000000110001000010000000100100011001010000110010101111101100101110000000110000010101110
1111111111111110111100000010000100101110100000011000110110010111011110110010110100101000110000001101100100011010000010100011111011100000011011001000101001001001110100010000100
1010111111110111101000000001000011000111100000010000010100110000011000111001101001101011111111000011010001100000101011000011011110000100010000000000000100010010001100000000000
1111011111011111100001000000001101001101000011100000000010110000101001011001100101100110000010110111001011110010000010010001100010010110000101010000101101110110000001100000000
1011101111110111110100000010000000000010000001001010100100010101111000100111000111000110001000100111011000001000000010000000000110000110101001011110010100001010000001010100001
1111011011010111110010100000101001011001000010011011111001000001101001001101011001010100100001000011010000000011010110011001011001100000010101101101100011111000111010010001001
1111111111110001101100001001111000000010010000000101000101100000100101010011000101100000100010110111000000010000101010010010010100011001101100011000001001010001001010001000010
1111111011111111101000100110000100010100011001010000010000001011001000010111101000000101010000100000010010101010110011001000000001110101000000110010000010000001100000101010000
1011110111011111100100001000011111111110011000101010010011000111100110010101100110000000000100010011001010010000101100110000010010111010100010100000001000001110001100000111000
1010110111110111110001110110100000101111001111100001000101001110100000110001010001100000100101001000010000100101010110111001000010101111011100010000110000011100100010100011010
1101111101101111011010110001010000000101111100000010001101100010001011000101100101000000010001001000100000101010000010101100110011110000001000000010100000010101010000100101010
1111011110101111111000011111101001110111100010010000001000100011001000100011100011000000001010000010001001101111100100000010000000101001011110001100001000001010010000110000011
0011111111111101111001011010010100110001001111011001010010100001110011001011011101001010100001111000000001010011000110100000111010010111000100010101101000001000110110001000100
1111111111110111001110001100001000101000101110001010000101110000000100010111010000100001000101000001100100011011000001100100100100000111000101100010000110010100100110100001011
0111101100111011100000000110111000011000010000011110110110000110000001100010011000100101110111001100010100011111100010111110001100000100010001000010000010001000110100001001110
1111011011110110101110100001010000000010010110001010110000110001100001000010000111101001001001110100000101001000100000000100010000000001010001010001000001010100101001110001010
0101100101111011101011101000100000100001010000101011101111001111001101000100001001110010101101101001000100100100000100010000101001110000000000000000100100001111000000101001100
0110111111011111010100011000010001001011100000100000010011100001101010100100000110110110000000000101010010010010100011001110111001000111010001011100110101010100000010001101101
0101100111101101111010101001001000010000001000101110001011111011101011100000110111001100010011110111110010000101110000000000010110100001000000010101001111101000000010010100000
0011111101110110110001001011111100000110010100100010001111010000010001000000000100000101010100110110011110000000010100110000001101101110001000001110011110001010101000100100000
0111111111101111111000100000011101111011010100001101011001100010010100000100100101111010101110001100000011001000101101010010110100100000010100010000010101100000001111111010001
1100111101111011001011101001000010000001000000100111010000001100111000011010100000000101100011101000001010100010110100100010010101011010010000000000100000010010010110001100001
0111100111110111111010000001011101010111000001011111011100110000000101000010110000101100110011110011011100111010110001011110011011010001011100000001101110100000011000000001111
0010101111101011101100111001010001000010110011101000111100001100110111101100100101101010011010010010000101010100110101000100011011011001110001101101001100110101000010101000111
1110111100001010110011001000010101011000010100101000110000100000100100110001000110000100000111000010011010000101101100001110000000100000011110101001000000001101010100010000011
0111110111111111110100100001111000110111010000111011010010001001000010011011100010100011000001010010001000010001101010000100001100000100100101000010100111000101110010101111111
1100011011011101110101001011110011100011110000001100101000001011001000000000010011011000111101000011101010111110111011001100000000000010011000011000100100010000000001110110000
1101101110111111100101000001111011001101010100000001000000000001110000001011100010001001000000011110111011100101000111010100000100101111101010111110000000010010011010010010011
1011011010011111101101000110000001001010100010110101000001110001011001100000001001111001110100001111100111110100110000110111001010111111100011110000000001110101000000001010100
1100111111010111101011000001111110001000011101000001011000010000111000000001001011101000001101001000000010100100000110001001110101110100100001010011011110000010101011100111100
1111011101111111101001000100110000110000010100010000000100101011111000001111010001111101110000100001100000000001000100100100000011010000001001111110010011111000010001000111001
1111111100011111101010000000000100010011000000110100000001010001000000000100010000010100001000110011001011010000011001010010011100000000000010011101001100000010010000000110110
1101011111111110001100010011000000101100010100001001000100000011001001010100000001000110000001000011000101011001111010011111000111001100010000100000001000101000000100001101101
0111100111111101000001100011001010001011111101111111000010010010001110000010010010001001100010111101000000100110001010001010001000001100110111011111001100110110100001000001100
0101011011111111111110000000011110000000100000000110000001101101111001000010100000100010100110110000100001101100100011110001000101100101000001001110010000001100000100011011110
1110111110011010000000000011101011101100000000000000011001000011000000010000100000010001000010010000000011001010001011011001001001000010011101000010000011110000100100111000101
1110100011111111100100101011001010100001001101011000100101101010011100101001101100010011100100001000110000100100100001000000111010001010101110111001001010000000101001110110110
1101111111111111100010100110001100100001000011011010010000000101000001101001101111010100001001011000010000100110001000000101011100010001000101000100000011001101010110101011011
1111010110111010100001001100100000000000000011100010110000001011100101000000011101001000000000100010111111101101101000011111000000100111111000101100100100100110100100000000000
1110111110110111110000000011010110110110000001001000010011000011011001010000100000000010000000110111110001000000000000000010101000000101101010000000001111110101100111101001010
0111110101011011011000111111010010001011000101000100010000100111000100100100110010100001010000011010010010010111000000000000110100000110011011000110010100000001010000110010001
0111011011011110100110111100011000000001101010111010000101001000000110011100000011001000010110110001001100000001001010000010001010000000101011100011011100110100111001001010000
1011111101100010110110001111011100011010001101111001100111100000010000001000101110000101000110000101001001011111100000001001001000100100000110000101011011001000100110011010100
1111111011111101100110101110000000001101001001010000011001000110100000001100010100100111110110011001111011000000000001100000010010110000000010100001000001100001000001101011010
1111011101111101111001000100000000010010000101001101000010011011010101000101010000101100110110001110011000101010001000000001101001101111001000101010000111110010100101100000011
0101111101011111100000111100100011010101000001011000000101001000100110110111001000000000100010010010000101001001100110100010010001101101100100000010001000101000010101001010111
1100111011000111111110010110001101110001011110010000000001010110000010011011111011111100010000001011001000001010000001000101010010100101001010000010110010000000100110100000011
1100110111111111100000111001100000011010100010100101101110011100101011001010010110010101011100000010110000111001100100000100001010011011100011100000000010001000110111010000111
1111111011110111100110001110000110100100001011111101011111000011111001010000010001001010101100001000100000011010001010000001101111100000101100110100100001010010111000010001111
1111111111111111111100101101110100000001100001110001000001100110100000101100101010000001011011110001100001101011001011000001000010001001011001100110000000010010001110101111011
1101110111011111100010110000000111100101111001100100000010000000011001000011000100110100010110010100111111010100101000011000010000110000100100010011010101001111000111000010001
1110011111111100101110010010111000101010001001000000010000001001000001000000000100000001100000000001111111101010100000000100001110000100010000110101010000011010111101000110101
1111100110111111100010001000001101100010010000001000001001011000001000010001111100001000100000110101011001000101110110110000011000100001111011000000001000010001011000000010110
1110011100101100110110101100101001101100010011001011001010100011110100001000000011100101110111100001010010101100010001000111101000001100001000100100101000001100010010100001001
1010101101110111111000010010000000100000011100000000111010001000000001000000111001100101111000001100010011010101001000010000010011010011000001000001000000011010110110101001000
1011101101111010010011100111010001000000110010100000000101000000100000011000000010010101001110001000011101000101001110000001000101001110111010010011101000101001010100111011100
1111111110111111101100110000010101011110000011000101100011110000000110101001000111001100000101000100101111010010010010001010000000001101010111010001001000101100011000011110011
0111101110111101010111010000110010101100111011011100111001101010000100100010100001000010000010001100101110101101010100000010111001001011101001100010010100001101010000010010111
0101111101111111111001100001011100000101000000000000010100100101100010110111100100000100000100010010001011101100000001000001000010111011000100001010010100100101010101110010000
1111110111011111100101000011001000001101100001101000000010010010100011111001001001010110100111101000101001000001010000000010100101100100000101000110111100000110011011110100110
0101101001111111110110111000001100010110000001011001000100101110010000000001011000001011110000100110101001000000111000100101100000000110101100001001000110010000001111001000110
1111111110011111100001100000000110000111000100100001000001100001110111011101010000101100010001101001100000110111100000000001100101001001000000000000101000010000010001011000000
0110110110101101100010100010101100110111111101011010000111101010100010001111010010000111010011010011101001011001011100011000110101100000000000100000010101011011001110111101001
1111110111011110010011001001101100000110100100101110011001000100100000001101000011100000001000011000000011110011110010010000010001001001100111110011111110010001110000001010000
1111111011110111111011001101101101010000001111101001010000010000010100101000110100010001111001111110100111000010001100100001101101000100100001100010000000011101101010011000000
1111000101111101000000111010011000100011010100001100110001000000101011101011111110110000100011001011100101000100100010001101011001001010100001010111001100101101011100100110000
0111110111100111100001111001000101001011110011001111111100001000111010010101110100000101000011100000010101001000100010000100100011000011000010101010100110001100011011011101001
1010110110001011111101000110100101110000100001101011010010001110110010010100100001001110000001011000110001101001001011010111001110100101101000011001101001100001001011101000001
1011101101111111101011000001011100000010010100110110001110101000110001010000111100011000000000101111001100000100101010100010000010000100101010101101000000100110101100101001010
1111001110111111110001010010001001101000010101000100100100000111010110110000000000001011101000001000001100110001100000100101101110001101100111110100000010101001100101001111100
1000111111011111101000010110001110010010101010110000000100000100101010001010010000000101110111010101010100011010010001111111101100100111100000000011000010110110111100001010000
1011111110101101101000000101101000000000110101100011000001011010001000100010001000001110111001110100001100110000100000010010000100000100100001001011100101011101000000010000100
1000011011111111101000010010110010000001100010011001011111000101100110101010110111101101010001001101100101000110101111110001100100110000100100010010110101000000101010110100001
0111111111111010110001100011000110110000011010000101011011011101000001000101100001110001011000001000111000010110100001000000110000010001001010001011010100011001000101011111001
1011111101111111011011100011000111100100000100101000011010010101000001000000000100001101111010001110100111010011110110001001000100000100100010011011101000000100000110101000010
1101111111101110100101100100110010110100001110011100010101001100100100000011000011000000100011001101001111000010110100111111011100001011100001000100010001101010001111000001100
0111111110011111011000100010100000110011110010001100111010001001000110110001111001111010010000110110010010010110001011010110011100000101000100100110010011100011010100000100000
0110101011111011110101111111100001110000010010010011111000000000001110000001101010100110010001101010011000011101010010101011010000011100011001010001010010001100001010001000010
0001111011111101001110001101001000100001110011010000000010011000000011000000001111001001110010000100001011011011100000001100100101000110000100001011000110000000010000010110001
1111111011111111110110001000100001110010010100000111111100110010000110011100011001100010100001011100111000101010001011001000100000101100100100100111101101101010001100011101110
0111011111111111101100100111100001001000101110111101001111000011100000110000101111011100100010110011011000100000010100010110100101000011010001011000000001101010111010111110001
0110111110111100110001000100110011000010000011110011000000100000100001100000011000000100000110101000000100010111101000000001100000011001100000100001101010010110001010000001111
0111001111111111111010110100000110000000111010110010010010001001111010000010001000010001000100110001100000100101010110101000010011011000011100000100010100101011001010011100000
1101001011111111000100001010010111000010110100000010100110000010011010101110010101010011010000000011010000101001000000001011110000100100001011010101001000100001011101100000010
1110010111111111100110100100001110111010011000010100011101001100111010000000110000100001111111011110101001000100000001100000010000110000010110101001000000001100011110010101011
1111100110011111110111100000100110010010111101100010001111000101101101010000001000100011111010101000001000100001001000100010100010100011000010001111001010110100000100010001011
1111111010111111100000110010011000010000111010010100000000010001010100001110010000110001010000001111001110001010100010010000111110100010000100010110011100010111100100000010110
1111111011101111100101100010000110101110001001100011000100000010100000001010000110000010011001110010001111000110011000110000000010011001000010101100111101100000011111010111011
1111111111100110111000001001001100000100101001011101010101000100010101010001001101000001011010000000100010000011011001011000001101000101010100010100010111011001010100001111001
1110101111111111101111000100010000011000001101000011001011110010001111011000000000011110000010001010100000101010001011101101101011011011010111101011110110000110000000100011111
1111110111111011101010000101100000111100011010101100101000010000000101101010101100100100111011100100101000101101010101100010000100110011001000111010100100000001010011000101110
0111111010111111100101011010111001001000010011100110010100000011101100000100110110010000100000101111100011101100000100100000001010110010101001011101001110111100100000101001110
1110011111011111100101100000110000000001000001011011100100011001010110011110101110100101011000000010000000110011001010111011100000000001001010101010001110011100110001101001101
0101111111111110110100000000110000000000000111111001100100110100000000000100001110010000011000001110001000110110100001001110010001010010000101001010011111011011001001101011010
1111110001110110110000000001101001011100110110100011101010100001100000100010001010111100010001110010011000010101010010010100110101110000111001010000101100100010010110110000100
1011111111011101101001000110010010001000000100001000101000100110001000100110011011110000110001001000100110001110000000100000101000001100001110101101000100101100000001101001000
1110110101111110110000000101011110001001101100110010000000010000101100000000000010000001010100110110000010010000110001000111100110001100100010010110000100110100010101001000111
1100100011111101110100001000000000101000010111011100000100110000000001000111010101110101001000000000100011001000001110010010111110111111101101010000110001100110000000010001010
1111111101101111011000011110010001010100010000000010100101001110010101000010011000110010000111101000100000110110000000001111000000011001000101000101101000000110110101101011001
1110111111111111101111111101110010101001011001000101010001111100000111000110101000001101101100000110110000011100101011000011000001000010010010010001000010110011110010000101011
0111111101110011100111000001011101100000000100010001100010100101000111101101100001111100011000001010110000100010110011000000000001000010101111000000100001000111001110011000101
1111111110110111010100100110010001001000010110100001100001000010100011100000110110001100000000010000001111000000010010101000110011100001010000000000100001100010001101011001100
1011001111101111101011110010001001010100001101000100010001101100001000101110000110101001100010001000100011000000101100101100000100110010011000011011000000001000001000100100110
1110001111111111110101010101011000110001011001100100010010010100000000011011100001100000100100000101001110001001000101100100011010000010011110001110100010001000100100010000100
0101111110111101001111011001111011001000000001011000100000011001000101100110000011111001000100100100100001001000001001000000000010001000110000011011010100011110100000001010000
1111101111101111111101011100010101100001100000101100101010101010101001101100110101000110001100100000000111010001010100000000101101001001100001110100001011010010000001001010000
1111010111111101100110000100100100010011011010000001101000000011010001011100110110001100010000000010101000000100010100110110000101010011101101011101111000111101101100000010100
1111111110111111110010001010011010010011111101101000000111011100001001101001101000001100100000110000101100011001000010001000000000001000111101000000000100011110000011101000000
1101000100001111001001000110011110010111001011110111011101100110100110100100000000111101110000011000010000000000010100101100100000110001011101100111001011000101000000100100100
1001110111011101111100011010101001110111000001111010000001100010101101011101110010001000001011101111110110011100001000001010011100001100010111000000000000000110100110101110100
1111111110111001110011100010010011100000001011001110100100011110100100110000001001010110011000010000110110010101011000101000100000001110000011011011001111010100100001001101110
1111111101101111101001000101010010000000001101010010000111101100011011000010000001100000001001100111101101001011010110110100001010000001000110101010010011100000001111111110100
1010001111110111111001000110000000011100111100100010110000100001111001001000000100011111100100010010100101000001001000010000100010110100001010001110101010000000011100100000011
1101011111110111111010001011011010010000001000100001110101100000000001010100110010010001011100001011001010100010100111111001101000000010100100100101001011000000111010000000000
1011111111100111110011000000100100000100010010100100001000011010100000101000100001000010110000100000111010100000001111010110000001010001100001000011000111110100011101110110000
1111110011111110010110001110010000010110100100000000010100000000000010111111001000101110100000100000000101001101000000001001000011011000011010110000100110001110100011101111111
1110111111101111101010011011000100000000000000100101010101111010001100100011000010010110110101000010011000001011001101101010110000011010000000001010111111010100000000111110110
1101111111111111100011011000101110111100001000100100100000000110111000101000010101101001000000000001000011011111010010101011110100010000101100110100000000010011101010001101001
1111111110110111101011100001101110010001110001111000001000011100000110111110000100011100101101110010010001101000111010101000000000001000000000010110000100000000011110010100010
1111101101110101101100110010011001110001010001110000000001001111000011001011010101010111001010000010000010001010001010011010001100010000101000100110110100000111100001100100010
1100111111111001000010110000111011000101110110100001000101100001111001101001100100111000011000000100011000001001000011101100000110011011000001011001001000010111110101000000000
1111110011111111100000000010010101010000000111000010000110101100110000011110111101010101110111000001000101000111111001011000100101101000110100100011001001000110001000101101010
1111101111111010101000001110110011100110011001010000110011001001000010000000011001101010111010001001000010011000010000000011100001001000101001001000100000011110100110011000101
1111111111111111111101000001101010000110001000110100001100010001000000000000001010100000000010111001100011100100011001110101100010000000111011000110111100100111000001001001011
1110111100111111010000101101010001101010001001100001010100011110101110001010000011110001110011010110001010010101000000011000100011000000100111100000011010000110101010010001000
1011111110011001110010100011000001010110001011001111111001111001000110001010001001100110000011010001101001010110110001010001000100010000011000101011011011011100100111011110011
1001010111101101100001011111011101001010001110010110010110010001101101000011000110100110101011010111001011000000010101101001010101110010001100000101000000111001000010001111110
0101011110111111101110010101010010001111110010000111000011010101010100100011001100011011101001001011100011000100100010010010110011010100101001000000010000100110111101001011010
1101101101111010101011111111101110011101010100010110010011111010010000100101100011100101110000000111011101100011100111100100001001101100001110010000011000110000100001101000000
0111111111111111100001110100101101110000001101100011110010101011110001100001111000001101110101010011010110010110010011101001010111100010101001001100100100010001110110010000111
1111010111110011111000101000000101111110011000111100000010101001000001011110100000000000101000010001000010000010010001001000011100000101100001000110010100110100001000010010010
1111001111111110101011111100101101010000000011100000100011000011000000100001001110011001000101111001001110111110110010110010000010010100110000011000110000100011101001110101100
1011111111111011100101001110000010000100100000010000100100100000000000010010010110100000100010000000010101011100010001000010011111001010111110101000010100000100110101010001001
1111101111111111100100011000110001110110011111001001100111111000110010010100010101000111101010001000000100011101100001001011000010000000000100001010001010001010110011100110001
1111101010111011101001001110111000000010000110010110001110000110011000100011000110101001010011000010110111010110001001000000110011011010011000000011000000000011100011000100000
1111110111111111101100000110110010010000000101001000001010100110011100011001101100000000101111000101101000001011001101010100101001101110011011100101100101100000101111000001101
0111111111101110110010000000010000110111010000001001100001100100110110101100110000010011000010000010010001001111000010100010001000100000000011101001010111100110101100100000000
0110110101011111100010100001000110000011011111010110100100110001001100101000100000000110000001001110001111011101010011100000011010100111000000101101000000000001001000100100101
0101001010111011100001001111001100111000100101001000110110001100010000000011100011011001000111101010111010110000011101010000100000101100000000001010100101011001100001110010100
1011010110110111001001100101010101000111010010111011000010101011000001000000101110100011000100110001110001000001011011110100101011001000011001000001101111001000111001000010100
1010011110001111010011100110101101101001001000110000110101010110000101100000011111100100110001001011110000100010000010100000000100000100001010010000000000110110011001101000001
1111001111011111111001001101110000011101000101110011001101110110001110000010010010110000110000000111000100101100100001110100001000001001010001000110000000011000001000010000110
1111101001111111000001101110100001000001001010000101001101010000001101011000110000100000100000111000100100001101001101010111001010100110110010010001100011000110010000110000101
1101010111111111101111011011010000101001101000000000010000000100011111001000010010000000011111010000000011010001100111001010110001011011100110000000010011000101100011001010000
1111101011111111100000100001000001100011101011000110100001100100010001110000100001000100000111100001011000110000000000000100001100000001110101100111101101000010101101000010100
1011010101111111110110100000101001011001100111010100101010011010000100110101001100001000000010011001010010011110011000010100110110010101111001100001000110010111000000010100100
1110001111010111100000000010110000001010001000010000101011100110001100010111010000101111100000001101101110010100111101001001101100100100000101110001010000010010001111000001100
1111001111011111100100100110010111110000001110010000100101010101000001000100011110011010111010011000001010100000000000001000110110100011110011001001111010100010100100100011001
1111111011111111110000001100000000001110000110001100100100110101011001010000000010011000000000011011100000001111111001111011110001000001000010011001000100001111000100000010010
1111111111011011100100010001001010111000100101011000110000000001000100001110000000100101010010010000000000000001000010010100000001001100000100011100101001100011001000000011101
1011011011111110100001011111111010001000000001100010010010010101100101000011100111101001001100001101010000100100001101101100010000000110000001101001100001101000001010101000110
1101111110111111100010000011001010000011101000000001110001111011101000100110110100010101100001010110000100110010011110000111000010110000000000001101000100000111100011001010001
1111101101110010110001000101000000011111010000000001110001010110111110011001000010000101000110000000100111010110010110000011100110000001001001001110001000000000110000010010000
1111011111011001000011110111100100011111011100000111110000100000001000110111000010100100010001000110011111010011100001100101100100000111010000010100000110101100010110000000000
0101000110111011100010011111011110010000110010100101010011101000110011010000000110000001011000011100011000111000010010111000010111000000001100010101100111100010001000000000010
