011110011111111101111111111111111111111111111111111101111101111111111110111
101100110101111011111101111111111101001001101101101111111111111111010111110
010111110111111111110101101101111011101010111111001111111110111110111011111
011011011110011010011111101011111110101011111110011100111111110111111010111
101101111111110111101111110111101110111000110111111110111111110101101111100
111010111101101111111111110111111011101111111101111111111111110011111111111
101011010111111011101111111111011111111011111011111111011110110101011111011
101101100011111101111011111111111011111110101111111010110011111101100101111
101111010101101111111110101111111100101101110111100111111111111111111011111
011011111000111111111111110101011111011111101110111111101111111101100101111
100111110101011111101111101111101110111111110111011111101011010111111110111
111011111110111100111111001011111111111101111101111111010011011101110111011
111111111111011110111111111111111011111101110110111110110110110110010111101
010010101110100101101011111111011110110111011111111110111111111110010111101
111111111101010111110111111110110111100110011011111011110011100101111100111
111111111110011011011100111111011111111111110111001111111110111111101011110
111111111011101100111011111011111011111111111101111111111111111110011011111
111111101011101100001100001010111100000000000011100011101010010001010011001
111111001101011100000011000010010110100101000100100000101001110101110100011
010111110110111111001010010010100000000111010010001011101000000000110101000
111111011111110111100101001100000100101101110001000000011000011010111011100
111001111110111000010011010000000000011100000000000000000001000101011101100
110111111111111110110100010110001110001110010100000101011001001001100000100
111010001111011111010010100011110100111001001001110011011000000000100000000
110111111111111100100000011001000001100001011011100110000001111001000011111
111111011111111110000001001101101111000110110000010100000001010011011110100
111111111111011110101000000111001010000110101001000101101000000100000100000
011101111111101011000000111000000100010010001100010000010010100011110100110
111110101111111111111010010101010101011101011000011110001011100110010001010
011111101010111111011011100000010101000111111011100110101100011000000110101
111101101111111111100000100100001010110010000001100100010101100001101010111
110011101111111110010100011101100010100000000101000110001000100010110000101
111110111111111101001110101110010110001111011001011100011111000010101001101
101111011111111111000001011010010001110000010110010100000000000111100001100
011011001111111100001100010100101000010111011100000001011010100010101110011
111100111110111110110110000101000010001000111010010011000100001101101101100
011111111011110110001001100010110101010001001100000001101010001010110100101
101111111111110110010000101101101000001010100100100010111001000011010101011
010111111101111111010110000110010101110110010101100110100010011000000110100
111111100111111100011000001001001101011010100011000010111010100100100100001
101111101101011101001101100100000101100001101110001111111101001011100101110
111111111110111101011000101000101011010010011110100100000000100000000100111
101011110111111100110010000110000000000001010110101000110000100000001100000
111111110111111110000111000011001010100101100001101110010010011000110000001
111011111111111101000000110010000000010010000000010000101011110011110000100
011111100111101110101110001000011110101111000010110001010100110011100100001
111101111111111100101111011000000000001001100000111100010110001100000100110
110111011010101011001110110100010101001101011010000000001111110111000000011
111000111111111110110000001100000011010001000010011111100001000010010011001
111111111111111010001001110101100010000101100000001000110001000010000000110
010111001111111110011010000111101100000001010000000010100000010101110010100
111110110111111100100111010101001100001000110110101001110100101100110010011
111111110111111111000101100000110000111000111010100000000011011011110010011
111111111100111111000000111011111000000010110000110000101010001011001000010
110111111101100100111011000001100010000001100101000100000100000100001010111
010011110010101101100100101100001011100110001010100000000101111100100001011
111111111110110010110001101010000101101100111100000100100000000111100000110
111101100111011100100101000110000101100011100011100011101000100011000001010
110111011110011110111011100011001100011000110111110000000000100010111010001
111101110111111010000001000011011000011101010001101101101100110100000000101
111010111101010111100011100010011100001001110110101101001001000011110010000
111110110111111111000000000001000011101100011101010011100101100011101100100
110111010111011100110100100000010001000001100000001010001101000111011111010
111111111001011110001111001001001101101010100101100000101100110010001101010
111100111001101111110001000001000010100000000001111000100001100101000010000
101111011110111100111001000000011010001011100111101100010001000100011100000
111101101111101110101011110001010001000110010111110111001010010001000001011
111011010010111110100001000000100001111010010011000100100000000011001110000
111010111111111001110001001000000110110111111100011101100001000001000011110
111011100010100100100110000000001001010010101110110000000111101010100000000
111111101110111110001001101000011001000101001000101111011010100100010000001
110111110110011110010111011101100001001111010000000000101100011000111000100
111110110110111001111010010011011100100001000101000000000000101100000100000
111111111101100111000000111000100001000110100100100010010000001000101101100
111111011111011111011011001001010110010110101000010001011011000101011011010
