0111101011011111110111111111110111001111011011101111111111111111010111010101111111111111111111110101011111111111110111101111111010011101111011101111111011101111111111110100101100101001111101110111101010111111111011110111111111100
1011110111111111111111111111111001110101111011111110001101111111100110111111001111110101011101101010111111110011111111111101111110111111011100111011111011111111111011110011111111111111101111001111110011111111111110111110110111110
1100111101101101111110101001101111011111111100101110001111110110110110111111111111011111101110110100111110101110011011111111111110110110101111110111110011111111111111111111110011110111111111111011111110101010011011110011111011111
0110111001110111101011110111110111111011111011111111111111111011111111111111110110111110011110111111111110110101111011011111011101111111000111011111111111111111111111000111011111101110111111100111110111010111101111111111011101110
1111011111011111111011111111111111111011010111110111101011001101111111110111111111011011011111111110111011111101111111111111111011101101111111111111011010111010111111010111100110111101111101001111011111111111111100001110110110111
0111101001111111111010011011111011111011111111010111111101111011111111100111110110101111111110111111010111111010101011111110111111101111101110110110111111111111111011011011111111111111111011001100111100101110001101111111111110101
1111100010111001011111111111111111011110111111011101111011011111111011111011100111111111010001111111011100111111001111101111111111111111111111111011111111111110111110111111011111101110100111101111111110001101111111111111011101110
0111011001111110111011111110000111110111101111111111111101111011001111011010101110101101110111101111010110111111101110110111111111101111111110010110111110011011110110011011011111111101111111101111111111111001100111111001111011101
0100111101101011110111111110111111111111011110101100111111010001110111111111010111110111111111111101110110011011111111101111101111111100011011111011011111111111101110111010111011111111110101111111111111110111010111111111100101111
0111101010110110111111111101111110111100011101011111111011001111101101111111111011110101001110111111111111010011110111111111111111111011111111001111001111111111111111101101111111111111011001111101111111111111110111111110011001111
1111101111001011111110111111111010101101110001111011111111111011101111011111111011111011111111111111110111111111111111110101111110110101011011111111110101101111101101111111111011111111000111111101011001100110110111111101011111111
1111111111101110110111110101011111101111110111011010111111111101011111111101111011010110101100111111101000111101101110111011111111110111001011011111111111101110011101101111011011101111011101111110111111110111111111111011111111101
1101101111110101011101110111111011111101111111010010001111111111111011011011110111111111101010110101101111101110111111110111111111111111111110101010111111111101110111011111111011111110111110110011111111110111000111111101111111110
1110101110100001111111011111111011111111111111011101110111110111111111111111111111111111101010111110111101111111111110111011110110111111111110101111010111110011111111111111101101101111101111111111111111011111111111110011001111111
1111111111111101000011101111110111110111110111110111111111111110111111111110111101111111111111001111111101111101111010011101010011101111111100011101110111111111010101111101111111110111111011111011101101110111111101110101110110001
1111111001111110111101111110111101111111100111101101111111101111011101100111100101111110111111111111001110011011001111110110111111101111011111011111111111111111111110101101010111111111111010111110101111111011111101111101101110111
1101111111111110011111111111101111111111011010111101111011111100111111111111111100111111101111101011110111111101101111111011111011111110111111101111111111111111111111111111111111111111111001110011101111110011011111001111110101111
1111110111111111101000011010110100001001101000001100000111100001101000010101000010000100010011011000001000000111001000000000010101110110010000101010111000110101010110001000000000010110100011110101011111110110000000101100100000001
1111111101011101100100001100100100001000001000000000001110010001001100110001110011101000101111011110010110100101000111000111101000010100000110010000000100100010010010101111111001000100000001100101101001001011110101011000011000011
1101111111001101100011110010001011000000101000110110000000100100110100001110101000000011000000100010000110110011100111011100001010100000011000101100100100000100101000001111101000000110010001010001101001010000100101010011011101011
0011110110101111101001001010001100010000000001010111000001011111000010001100010010000110101000111110100000100010101001001100100011010110100010101100010001000001011001010110100001100110011000011011100010111011100100000001001001100
1111111110110111100100111000101000111000100010010001011011010111110110000111100110000001010100001010101110010100001110010011000010001000001100001001000111100110000111100000000000110000110001101000110100010001001000001010100000001
0111111111011100110001010000000100101010000000100010101001101011110100011111010001101010010100000110001001101001100000010010001000000000101000001101010101000001100010010001000011000110010001000001010100000011000001111111111011110
1111111111111011100011000110001000111100010010110001111101000111110010010100011010101010100100000000000100111101011010111011000111000100001001001001000101000100001000000001011100000111011100000101101010001000100001000001100100010
1111111111011111100110010000101010001011001011101101101000001000100100110101101110011001001111111011001000101001100011101000000010001100000010100101010101010100110100101110010010011000100100010000110001010010001100000001011100000
1111111111111111000001000000010010010110100100111010001111001111010111000111100110001010001011110010010011100011100100011110100100010011011011100001010011010001111100000010101000000110101101011101100010001000010000001111100101010
1111111011111111101101000001010110101101000000011001010000000101111110000101001001000010011000101001110011110000011111111100111010010101001100110110100101000000010011101011100000110111000001011010110010110101000111000010101101000
1110101001101111000000001000001111010011100101011100000010100001011000011010010010000111010101110100001111001110011110100011101010001101010001110110010000101110101101101000100001000001010010101110001111000001100000000100000100101
1111110111111111100000000111000110010011110000100000000100010000010100001110000100001000100110010111111101100100000011000011100000001000100110000011101001111010100001010010001110100001100110001000000001111001010001100000001011101
1110011101101111100000100100000000000001010010101010110011011000100010011000000101010100000100000100000001110011111100000001110011110101010011100101111011111101000000110101001110101110001010111010010111001110110100001110001111010
1111111111100111111100100101100100001010110100011101011000010000101000101000100100001001010001110001101000111000100011001010011001011000101010011110011110110000010100010110110110000100000001101101111001000011111111010011000001000
1001111001111111000000011100100001000000000101001100001101000111000110000110101001000111101000000000010111010111001010111000010011000101001110001001000101011010110010001010010001100000001010001100001100111100110000000000000100011
1111111110110010100010000001110000000110111000101001110110101000100000010011010101101111100000000110101001000001111000100110010011011100101011101010001100011000111010010000000000000000001011000000101011100001001100111111000001001
1101110111110111111111110100101000011000100000010110000000100100000000000001110011101001000000110000000001010000000100101100100101010001100100001011001110001011000000000010100100001011000001000011011101010000100001001100110000100
0111111110111011101100001101010001011111110000001110000101111110000110000101100011001100011100100110000000011000110101000001100011011000010010110000000000001001010000010001100000000100001000010001001100100000010001100101110010101
1001101101110111100010000000111001000001010011000110010001101010010101010011010000110111011100011010100000000010000010110011110000000010111000100001010100000110000001001011001011011100010000011111101010001000110011011000010000000
1011111111111011111001000101010001110000110010000000010100100111010110100101011100010110001011010000001000011100001001010001000100010001101010000111100001100011001111110100010100010100011000000001011010100101011011001010011100001
1111110111001011000000000001010010000001000100000000001101110000000100101101100001100001010010001111111100100010011000010101011011000101101101011110001101011100101101000010001000110000000010001100010010110000010001110111010011100
1011101111110011100001000001101010100000111001010010110000000011001010011001110100010111100001000100100010100011000110101101011010011100011101111000001111011000101100001101010010001000010101100000101001000100100100011101000010011
1111011101111111000000001010001000001100010101001000010000000010011011010101011001100011001011000101100010000111000011100100000010000100001001010000000001000110110111110100101000111010000010111011001100101110101011000110111100100
0011111011100110100000000000101001110000000100110010000011111000001001000000000011001000011010011101101100111100010010110100000101001000001000001010100010000010000001110100000001100011011011000100100111001010011010010000000100100
0100011110101111110100110100000101000101100000111000010011110011001000100001100000000001000011000111001000001010000000010000000101000101001001101100010010000000100110100011000000010100111000010110101110000000100000010110010000000
1000011111001101110000100000100111000101000100000011000001010000000110001010100000001011000100000010000001111111101111000000000000000010001101010010100111101111110010010100011001101101000100010100001011010110101111010001001000111
1011111111110101011001101000000000000010110000010100011010011001000000001001000000110110101001011101111011000100001010001010010001011010000001011011100110111101010101110100000110000110000100010000100001111100000011001000000111101
1101111011111011010110000000001010100001000000001111000111001101000100110100100001000101011011010010000011101001001000100101100011001001111100100000011011100000101001111000010011111000000011111110001100001111101000010100000000011
1111101101111101100100011000110010111010001010010011101000101011000001101100100110101111001001000010000100111101010001000100010111111001001100100011011010010000010001000100011110001000101100011011110100010100010011010000101111100
1110011111101111101011110001011100101000001010001011111100000010000110001100000001011010010011110001000000110111100011100101001000011100100001110001110100000000111100011101010001100100011010001100100001000010001011010001001000001
1001001010111111011001000000110110001001111011000101100001001010100100100110010111001101101111001010000010000011011100011000100011111001100100100100001000001000101010011001001100011111011110101001100101110001010110101000010010000
1111010111001110101011000001001100100000001000110100000000110000001100110100100001000000000001011000010010010001101010001010001000011001101010100000000000001100101000000010100000101110000100100010110000101011100010100010001000001
1111111011110111111110100101010010011100001100001000100101100011100010011000010000000110100000101110001011110010101100000111000011101010011110100110000011011010011101111011001110000110000010000010101000000010111000100000000011101
1111011111011111100011000000000001110011010000000000100010101111101100100001011000001111100000011011101001001111001000001100001100001001101001111101010110000101101000010100000001010011110110011101100111101101010101110000100010100
0111110101111111111111010100100001110001000101001100001011011001010100011000001110100000100011010000001100100111011000001000010010000001110010001001000001100111010001001110000011010101100000010001101000100010100100110000100010110
1101111010111111110010100000000010101100100000010000001010011001001101001001010010001100000010001110000010001000010010001010001000010100001000100010100000100110001000001110010001100001110101000100110011001011000000110000000000010
0101011111011111110000011010010100110110010101000110100110111011001100100101000100101010100011100010001000100001000111100101101010010001011001001001000110000110110001000010000010100100101100001010010101001010101001100100000000101
1111111101111111100100100010000001100001010011100111010000000000101000001010010010110000111110011000001010010110011010101000100011100110011100000100010100101001000011000110101110000101101100110010010100000011010011011011001111001
1110110111010111101001000011101101000000000010110001111010011000101000100000101000111000001011010100100001011111010001000111011001000110001101010011001000110001101111010110001000011101111100001010110110001100000110101010000010001
1111110101111001110101110110100101100100010010001100010001010111000110100100000000110000100010000010010001101101001010010001111011001110000011001110110000001101010011111000001111100010111010001001110110111011011011011011000011111
1111111101111111100100110111001011011101001011000000110010101000110010000001001000111010000101000010111111110001000000010101100000010110100010010110111010010001101000010010100101001000010011100011100000000100000111101101100010100
0111011111010010100101101010000101101111001010101010000011000100101010110100011011100000011001010100110110010011001100001111100000010011011110010100010001100101010101010011001001101101100000111111001100100001000000000000000001100
1011010101111101110000000001101000101010010011001011110000000001010000010001011110110101100001101111000000000100110111110110000000001111100101000011100000100000111000001010000010011010000100111110010100001010001010100001100011010
1111111111010110100000100001100100000001001010000010010000110000110100000101010100001011001010110100000100101000000000110011000110000100000001000001000010001010000101010000100001000000000110101111000001110100000110100000011111000
0101101111111110111011001101101011100011100100000010000010001000110100011001010101000011010100001111100011010010001001000111100110101100000011000000110100010010000001111111101101100111110100001001000000100111100101001010001000101
1111111110111111100100001000000100010000110010010011000000110001001010011001000110101001001101100001000000100001010101000010101101010011110000000101110001010001000001101010010010100101101101001000111100001000000101001101001001011
0101011111011111100100000011011111101001000101110011111001000100010000101010011111011000000001101010110000000011000000111000000001101010100110011011001011100000010111110000001100000001010001001000011100000100000000101010100001011
1011111111111111100000001010101110100100010100101010000101101101000011000000011010001100010001100010001000000010110001110100111110010100000101100010001000101010111000101000110101000110101000001001010110001010000011100001111111000
1111011110111011000100000110111010100010110011011010100000111010000000111100011011000001101100000110110100110000010011100000010000000100001011011110000000000100001001001000010111011110111111110001100010111000110001100010111101100
1101111111010011111101000000111100100000100000100011001000001100100001111001100110001001000010001100101010101101001010001000010011010100011110000000010010100010110100000010111001101111011011110001101011000010001101010101001010100
1011101011011111100000010000101000001010100000010110110000000010110010001000100111100000000110001101000011000110101111001011000010110100000110100110001100111111101111110010001101110000010101000010100001101010011000000000011110111
0111111000111100001101000010111010110111010111110000100011010001000100100000010111101010000101001100100111000011110100000001010010110100010110011110000110010100100110011010000110011110100010000101000001000011010010000001011000100
1010111011011110101001100101101100101011001101001010001000100000000000010110001100100110000001011000010101101000110011010100100010010000000001011000001001010001001011001100110010010111010100010001010110001010000101110010010000110
1111110111110111110111001001100001100000011011001101111001000100001101010000001101011110010100010001000010111101101010111010100001010011110010111000100110011001011000111001100000101010111100110010011101001000101001101000001101001
0011111111111011101111010001110010100011001111010100000111110110011101000000101101110000101110000010001110001000101001001100111011001000011110000011010001000111010011010111000101110101011101000000101110101110011000111101100000100
0101111110111011100100100100000000110111100110000010011110100000100111000101000110101101000110011011000100100010101100100110010000101100110001000100101011001000100000011111000011101001010000110000000000011000101000100111100110111
1001111101111011111001001001000011100011010001000101000011111000011001100010100101000011100001000000011100100001110100000001100010001111000101100001011001000011110111010100011101001101110111110000100010010111001010011010111100011
0111111111111111110000101100011000001001110100001111100000010000000101011000001010000110000010011001010100101000000001110011100111100001000011010111010100101011110001110110111001001000011111010010110001011000000111101110010010100
1111111111011011110000011000110011001110010101001010000001100010010100000000100001000111000011001011010010001110100010101101001100100000000100000000000001110010101101010001000010011010000110111010011000000110000001000000000001100
1101010101111110101000101000001000000011001100110010000100000011100011000100000100001100000100000001000000101111001010000111000101101000011001000111110011000010101001100010010001110000110010001110000111001010101011011100010000111
0101011110111111001110100010100101111111100011100101110001001111101000101001100000011010001000110001100000001001100001011000100000010011100001010011000010100010011010110000010011000010011000101011010101011000100011000001111001101
1011111111111111111010110011010000101010001101010000010000010000000101011110100000000010000110100001100000111100000011110001000101010001101000011001000111110011111000101101010110001111011100001010100100101000100100111001100000101
1101100111111111010000010111000101111000001011000000101011011000100111000101111001001001011001000010000000011111111100010100100011111001111100001100010010000100000010001110101011000000110001000001100101001100000101000011111000000
0111111111101111110001111101010001000100000010110011011000100010100010100000011101000100101010110110000010011001001000110000100001011010011100010000101010100100000100011000000101111001011011000101001111111100101100010100010111100
0110110101111110110100011011011100001110000000010100011001100110001101111000110100010001011001010100100010001100000101000001010000000000001001000001010100000010000001011111000001000100101011101010000010001001101010010011111010101
0111111111111101101101010000000001100101001000010111000001110100100001100110100100001000110010111010001001001101000011110001101000000010111000001010111011000100001101000100000010100100010010111001100011000100010110000010010001000
1110111111111111110010101001010001110000110000000110000101000011000011000010000010001001000000010101000101010011001001010000010111000000001000000010000000110111011011101001001000011010010101010100010100011000101000101100001010000
1011011110100010101011000010000100010001001101010010101000010011011110010010010100000011000000011010110110010010110011000110000100011010010001000100001000010111011101011101000101010100001011010100100000110000101011100000011000001
1111101110111111001010011010000101101010101000110101011010000010011001110001000101101000001110010001010000001010010110010101111010000100001101010000010001001011011001011000100001101000100000001001010010010010010010000000111110010
1000111111110011100111100001000110001000100110001101101000011101000110000110001000000100101110010010000000000000100001100010010101000110001100100100100001100100000100100101101010010111001101100110110100100000110011101100111001000
1010111111111111010000000001000000000010111001110111000100001000100001001000100100100110010110101001010010010101001010010101000110110100010001110100110001001101110010110000010110010000000100000110100110010100000011001100001000000
1111011000101111111001010010001010000011011000000110000100101100001111110110111001011111000101110000001110100001000001101010001011111010110101000001001100100110101001000000001011000001110011110111110111000000100010000001100000001
1111111111110110100010110000100110000000011001101010100010011001101010011000010111110010100101000101111001101001001110100010001010010010001011010001101100111111110111111011010000010011100010110001001001000101000000110000001110011
1010001110111101101100000100110001100010000011010101001111011010010001110011001000100000110101000001000001101000000000000100010010010010100110101010101100001010100100000000010001000101101010100001000101000100011001101000101101100
1011111101111111100001000011000010111001101011110001110110100010111101110000111100000100110011010101110111001010011010101001010000000110001110001010000001010001100101100111110010001000011101100100100000010100010110111100000101101
0111010011111011101010001000100000100011001100100100011001101011110111101111110010110000111101000100010001000101101101000000100010011110000111000000011010101000000100100000011010101100110100001111001100011111000110010000110111011
0111111010111111110101100000011011001111010100000001010101010001010100000000010010010100000010010000000010100011111000011000000000100110000111100100000101110010011011001110110000010010000110011100000100000111000011101000111011000
1111001111111111000010010110001100010001010100000010000101101100110010100000110001101110111110000000011001000001100100111110100101011001100000010100000010001000100011110000001110100110000100100110000000101000000111110010001000001
1010111111010111100111001010001000011100011100001110110100010111000001010000000100100101010000100011001100110001100011111011011100010101010000110101000100101011010110000101100100001100010100000100010001001110100110111100001110001
1001110111101111111011010101101110110110001000000001011110010111000000011001110001110110001010010101011001101010000110011001111101100010000010100000010111001010001010100011011000111100000000001001111010100000010100000001001000010
0001111111111110111011001011011111111100000011001101000011110000100000100001001000010100001101001011000000100001011010100000100100101000101111100111000010101110101101011010011100001100001000110010000001001010100000011001100111010
1100011111110111001110011110101000100100100101010001010000100101101110010000101111001111111000101000111010010100110100001110011110110100101001011101100100110110000101000001101000000000000100010000001010001110000010000010000110001
0011111101111011011110100000000111111001000110000100110001100110111010000001111001000000100000000010100101100110100000111110010000100111100100001000010001000011101100100001110101010000110111101100110000111111101110100110010010001
0111111111100010000100000001111101101000101011110010001100110000100101001000011111001000101100100000001000101000000100010100100100100000101110101100000110011001101100011001010000000010100100011000100010000100000011011100011000010
1111110011111111101101011110100101111000010000111110100010100110001110001011000010010011001110001101101100001010010001001101000001000101100010010000001111111000100100001100000001100001101011010100010000110000011111001000101100001
1111111010111101100110100100011010110000000011100000100000111100000010010001100101001001000110010111100000100000011000001010000101010011100000011000111101011001111010000100100001010001100010110000101000010101011011010110011011000
1011111111101001001000001001110100101000110001100011000101001001010100111110000100110011111011000011010010001111000000010010100100010000000111001110100010011111100100000111110110110011100101100011010000010111001100110010000110111
1111101111011011100100011000011001110000100111100100100100100111010000110100101110000010000001000001000000101111001111101110010000110010101001010001101001100101000011011011010001011011001011010101010010101011000000110010010101101
1101111111111101110110110100000010110100010100000010010010110101010011111000100011000010010001100110010100100000000111001000011111010000000001111000001010110100101010000011010001000001111001100000011000110000011000010011010001001
1111111111111111101000001111010110000011000011000111100101000100010010011001110000011100101110110110010011000101100100001001100000100010100000000101010011000011100110010000010000001001101001000101000001101100110111110011000101000
0111111101111011010000100001100010100000011111001000010000001100101010100011100001001100010001100110101111100101101010001110010011101110011000101000000101101010110010010000111011100001100111100000000000110001000000010010011010001
1110111110110110001000101110011111010001101101010101110000000001101011100000100010100111001011100101111000100001100001000101001100110100101111110101110000110101100100001010101010000100110100011000000010110111000110000010000100000
1101101011110111101010011000010100001000100000111001010011100011010010110101000000100010010000100110101011101000000001000010000001000111001001100100000010011111010010101100010001001101110100111100100000101001000101111110001010011
1011100010111111000101100000101000100011111000111000000000000100011100101110110000111000101000100010001100011101011000111101011011010100001100110001010010111001000110001110101110001100011000111111101001000001001011111011000000110
1101111111111011101101101001000111000101000100011000001010000001001110010100000011111010110000010000001101001000010111101100000011001010110000100011111001000001010101001011011111000111011000101001001011110101010000000000110010000
1111111111111111100110000111100011001100011111110010000010011010111100011011111000111101110011100010001010011100000100100111010000001010010000010101110000011001011001000100000000010001000100001001001011100100100000011100000110011
1001111101111111101010001100110110110011010010111010110111000000011010101110101000111101011110000010101001100100001101010011000100010000000011110100001001011101000100010100001000110100001011100101001001000010100000100010000010110
0110111111011111001000111011010101001000001000011010110101101111001000001000010011110100000001011000100000000011110011010101010011000010011001100001000010000000000101110110000000101110001001001010001010100101000010101110000010000
1101111111110011100100010000100100111110010101010101010000100100100011000110001111000101101000001100000000000110000001011011110111110001011100000000101010110101011000010001000010001101111011001100111110001011111000011100000110101
1111111111101111100010110011110000000001111010010011011000000100000101100011001010011100011001000000000100010000100101011111010000010110000000000111011011000011001100010100110010100000101100011001100110101101011000000111001010101
1111111001111111100010100000000100001100101100000001000000001101110111000001010000001000111000111010001110000001000100101000000000010001110010101101000010001110011100011000100101110001011100110010011011001100001010101110100000010
1111111001101101000001001101011010100001001111011001011010011010101000010101111101010101100111100100101100010010100010000010110001000001000110101010010000110001000100001000100111110010110110100000100010010001000111001000100011100
0111111101111111000110110000100010001110100000110000011011001011100010110101100111000100011111001100101001000110110010001001110010101000000010010000111011011100010000001000110011011010111001110001000001000010000100010001111000000
0111011100111111101010010100011010000001001110111001101111001110101111000010000011111001111000011100011000110111000101010000000110000000101000001000010100110000100000000101101000001010100101000000010110000001100000100110000100100
1111111111010111110101110000011001011010110000010010101100101111110011111011000001100011010000110010011010010101010001100000001100110100000100000001000100111000110100100110001000010010000010000001000000110100000011100101001010111
1111111111111111100001000101110001000000001100001000000101010000110011110011000111000010000000010010001111000110101100011101101010100100001000101111100100001000000011111001010001000100100011100111100000001110110101100011000001101
1010110011110110111011011010010011001000100001000011111010010100000110111111010010000010111001011110110001000001011000101100000001001100100011110010000100010000010010100100100100110101111101111100110001001101110110011010010001110
1111001110111110100100001100101011010110000111001000010110001001111001111101001100111000111111001000000100011000100101111000010111011010000100010110000010011000011000010010101010111010011110000100000000011001011100100001100000100
1111011011111011101000011110011000010110110000011100101111000110100000011011010100000000010010000010000100000101010000001000100000000001000100100101001011110000110110010010000010010011010010010000001100101000110000100111100100000
1001111111101110101000000101100110000000000100000010000010011100110110011100001000100100011100001110010011000111001000100001110010000110010100001001110001000000010110110011111111011110000100101010000100001101101010011011110100011
1111111011011011010001011000001000010000010000101110011101100110001110000011010010110100000000101111001100101000110101010110110000000000100010001101101010101001000110011000101000000001000000101110000000001000101000110000111000010
1111010110111110101001000100010010000110110110000011011100100100100100011001011010111100110010101010011001110011110101001000111000101001010011101000001000110111001100000001100100101001100101111110100101001110000000000011001001111
1111111101101011101000010001000010100000110001000010100000100011000101111110001011010011010111000001000100111000001000010000110100100110000000001000001000010010000001100000001110110001001101110011011100001000100101001000110001100
1111110110011110100110101000000000010010000011010000111000110000110110100010010001011100100101001010100011001001101101101111010001001001101011000000000000010001111010110101000101101101011101010001100011110000001101110011100000110
1111111111110101000001010111101111001100001100100001011010001010111010110010010001010011101010001010000010010011110110010000000001000101100101100000101101100011100001000010001000110111100000100001001000101001000010100010000000100
1111100111110111100010100001000010010101001100001000010010001000110100011011001000001010001000111111000101001011110010101100001011110001100001000111101110010110100100001001011001010100101100010110011101010101100000011000001110111
0111111111101111100100000101110000100110110111111001000001000010010010000110011010100111011000011010001101001101100000000101010111011001100100001011010101000010101001100001111110010001101001100001100001110010110110010001010100000
0011110101111111111000111100010100000001100101101000100001001010011010001111000010010110100001001101001000001000011110111110101010100101110111000000101100011011110101011010100000011000100010010010101100100101001101001011010000001
1101011111111110000000000000010100110110100000000010100010000101101011000000100001110111100000101110000000011010001000111010100000001010110101001001101011001101001011110110011100111011100010110110000000100000010000011100101100011
1111111111110111101000101000001100011101000000000101110001110010010011010001100011010101000010100010001000001000000010011000100001011010000011000000000100000101000010101010100100011110001101000010001101000100111100111011111011100
1111111110100110110100010001001110110011110101000101010110000000010001101110011000000101000111001011010001111011000010100000001110110010000010100011101010010000011011010100111010000001010110011110001011001110100011010000101101011
1111111000111111110000110000000111111001001100010111001010110111011100010010001100000110010110101100101011110110000000010011100010101111010101011101000101100101110011110110111101000100000000010101110000010001101000101100100010011
1111001110111110101010010000000010001010110000110100000011010010100000000001000000001101010101001001010000010001011111000110111000011000110000000011100001011111001100110010111110000010010110010110101111000111010011000100110100000
0110101110111111100110001000110110011110001110101100011000111010010010000010110000000001000110101010000100001111000010001000000001000100101000111100001010101011111011101010110000001010011110110011100001010000101000000101000011100
1111000111111001100000011110000000011101000011110001100111000101101011011001100000001010100010010100100011001000100000100001011001001010010000000111010100000100100100000001101000110011101000100010110010000000110110110010000001001
1100111000011111110010110000110011000000101001111001100111001001110100000111101000000100010110110010100110000111011001010110111100000010101000000000110110100001001001011100001010001101101100100110011000000011010100001100001110011
1110110111111110100011010011100000001010010011000011000000001001000101001001101000000001010010100011001000000101111000100110010000000110100000001001000001001101100010011110010000000101010001000110101100000101001011000001001110001
1011111011101110100000000010011001101010001010000000011000110010001001011101001101100011010010001000001101100101000101000100011000001000000000000111001110111001010001100000110100110010100001001010001001000101110010000110010110101
1011111101111111001010100101001000001101010000010100110010010110101111111100011110000000110101100110100000010010000111100100100101100001010100010001001111100001001001110100000010011000011100101010111111100011001101010011101110100
1111111111110011100000100100000100010001101000100101010100100100001000001010000001111010101110000000101001000000001111101100001010001001010111000101000100101100110111101110010001110111111110000001001001101010110001011001001001010
1111011111111110110011001100111100110110011011001000110100010001100001110001101000010110001100011001111111110110011010010111000100100001010000100110001100010011111000010000101011100000100101100000111100100001000010000110110100010
1011111110010101010100010110001101101110011010010011110100000101001010001010110011000000011101101101100000100110110101000000100111101111111110110010001111100000101011010100100101101000111110111010110011000111000110101010100011000
1111011111011111101011111001000001101000101100110111000000110110011001000011101010101000011011110100011100100011101100100010111000000000010001000011000010100111000100000011110101000101000010011010110000100101101000001010101001001
1110111101011110100111011110000010110110100010001011010000010000001110010001000000001000001101001011010010100011110000100111010111101010110001010100010000000010001001010011000001000010001110010100100100000101100011110101001000100
1111111111110111000000000010011110000010001000011101100000001101001011111010011001011000101101010100011110101100101001010110100000011100010000100010000000110010100000001100010100111000000000011011000000101000011110001001011100110
1010111011110111100000111011110011011010110100110100100000110001000000101100100000001001011010110000111010100010000101010101100001010010010011000110010001010001011001000001000110000010000000110011010100011010011101101111000010101
1111110111011100011010001011000000011001000000000110100001000101110100010110011000001010100101000010011011010101100010010101000010100000000011110100110110001001011010000001000010100010011011001001011010000011110001011010100111001
0111011111010111110100000011000001000000110001010101011000010100100000010100000111011000011101101011010000010101001110010111000000100000000000010000010010010010001010000101110001100010001001000010111001110010110110110011110000101
0111111111111111100010101101010010000011000000110000001111100011010110000111100011000111010001010100011001001010011010011000010001011100011110110011100101000001001101010011100010000110000000100010000000010000000011001010110001000
1111110111111110110001000101010001110101001010000001100000010001010000000000010010000010011001101010001000011110000110011100011010001000000101000110010110000010101000101010000000001000000000011000111011001110001110110111001000111
1010011111101001001010010010000000111111000110110010111011010000000010111111111111000001011011011011011101100011000000110100010100110010111011101110000100001000000000111000010000010000110110100111100101111010000110100001010000100
1111111011010010101010101010000001000100100001011000000100100010110101100100000000100001001100101010000100001010100011000100110001010001101101000000110001110001011000010000110010001101100001110110000110101010100010111100000001110
1111111110011101100001101100001110000000010101011101101110110010011001100000111000000110111011010100001001011000100010000101101100110000101001001101001100100010000100110110010000100000110000011000000000110000010010000110000011100
0111111110101011111001010001000000001011100111000100100001000001001010010110101101100101011100010100111000101000011100110000010001000100100011001000010101010110000111111000011011101000001101100000011010011001001001010101011001100
0110011111111110100100001100101000000011111100000100000011011010010101000000101000100010110011000001011001000010011101111011100101110100010011001010001011011001100001010000101111111000100100010000011100010001111101000100000111010
1111111111111111101001010100010010010110111000000100101000101101100000000001010010011001000010000001011001111101100011111001100011100010000110000010011010000100000010001000011100010001010010000100110000101100011011010101000001111
1111111111111101110011001110001110000100001011010000110100100101100101100011001011001100100011110000100010000001010011100110000110011011101001111000100011100100000010001011100010000000001000011011010100011100010000100100010101000
1110110111111111010100111110100000101010100111001001100001111101001011101101001010100010100101000101001101000110101100000000110101101000011001010000010001111110100100000110001000111010101110111100111101101011110001000010000010000
1111111011001111100000111110010010011100010000101100001000111101010000110010001000010111011001100011001100000100010001100101000001011011000111100111000001101101110010000111100011101100000110000101010111010000000101110000100010100
1101111101110111100100000111001010101000100000110101000100001000111101111110011010010101100011110110110001101000011011000100010000010001010100001010001100000000000101000000010101111101001001000000000010000000110100000111101100000
1110101001110101110001100001000000000011100011111111111100101000001001010000000100010101010100000001001011100010110000010000101100000110000100000110100000000000110101001110000101010100000010000011001010100100001011011000101001010
1111110001011111100011100101100111101000000000000110111001111100100000000100011001101001110010010111000010110010101010100110011101100100001010001110001100000110100101100010000101110001000101010111000010000011000011110000110000010
1111111011011011110100010110010111000000111110100100001011010001111000001010110110010011110010011001010000010011100011000010111100100000001001001110101110010000000100101000010000000000000000100010100101010000110110000111011001001
1111011111111110101000010100011100000100110111000100100011110110110000010100010010011110000011000100100000000010000111100000011010010100001100000010100100000000100101100100100111000001100010101001010111100000000000100001100100110
1111111110111111101001000101010000100100010100110110011001111100000100001011000000111000100001101001101110000010110100000110001011111110011000110010100011110011010101000010011011000100001110001100100110001110001110111010100111001
1111101101010111110011101010101010001000111000001010010000001110011000111110000110001001000000000110111100111101001100011001110001101101101110100110000010010010100000011110010100000010010101100010110001101011010000000111100110010
1110101111111111111010101110001000111011101010000011000110001100111101010000011000010000011101000001101000110111100000010011000010100110000011000000000000010010101100111000000110010100000100000000000010000000010110100111100001011
1101111111110100101101011010010100100001011000110001000101101000010001001000000101000110010010100101000101010100010010101000011110010111001110010010010011010010101101100000110000100110000000101001010011011011110010110000110011001
1111111000111010100100011000001110001011001100001010101110000011000010010100000010110000011101111000100100010000101010011010010011011010100010001001011011100010000000011000000010000001000111100010100111010001110101011010100000101
1111111110111111110010001010001111000100001001000010001001000000000000010011101100011110010100000011100011000100000111010110110000001110000100000010000010101000000001100001011000000000010010011011010100100001101000001000000001000
1110101111111101100101010110100010001010101100110011010100000000001100100001101011000000000010100100001011001000000011000111110000100001010001010001010001011010110100000000011010000100000101100100001000001011000001000100010010101
1011111111101111000100000001000000101011100101100110000110000001000111000001100011010101110001011100100000001000000100001101000101111011000000000101000010000100010001001000000000011010100000000000001000001110110010000010010000100
1010101111101111100000000100000000110000100110100100011100011011000010100100100001001010000101100001100101001000000100011011100011010001101000101000100011000011101011000000000110000101111001110001000011001000111100111010100110000
1111101111011111100111000101101111001010111100000100010000010111110001001101000100010000010111000010000000010000110111001001000101000010101100011101101101010001101101110010101001110001010100111100100010111101100111001111001011100
1111110111110111110001110000000100001101001000000000111001000100100110110010010101001000000100000100101100011000100001000001100110001001000001000001011010011001100001110000001110010011101010010001011100100001000100010001011001101
0011111110111010100011011011111100001100010101010100100011110010010111011000010000100000001010010010001010001111111001000000001011100100001000000001010010010111000000000010111100101001010001101100000001110011110100011110010101011
1110110111111101010101110011100111000011011100000100010010000010001000000010001110110100000010010000110011100110001000100100000100001111001100101010100100000100010001000000001011001000011000011000001111011001110001010110001000100
1111111111011101100000010010101110010000010001000011001010000001100011010001000000001001000011110010010010100001000000001000110000100011100011001100110110000010000000010100001001110001011001000000010111010010100010000000000000101
1101111110011111111001110001010011000001100100100000010001111000110101100111001011000100000100011011100111101010101110111100011000000001000110001000011101000000011001001000010100000000001101100011000010011110100010110001001010100
1111111011111110001010001000011100100001010001100001111010000000110100100000001100000000001000010110010011101000010101110011000101110101110010110010100010011001000110011010010001000110000101110110111000000111110100000000010011110
1111011111100111110001110101000000110110010001000000011000101011011000000010000111000000010100011010001101000010101101001110100011011000001100011111100110001100110001000101000001000001111000011000100011101001000100000011110001101
1111011110111111110101101000010111001110110100110010000000000000101111010100100001000100100011111000110000110111010001111110001100010010000100000100010110010001000101011100110000000001111001101100000111101000101101100011011000011
1110111111111111000100001001000101010100001010010110010110111000010101101011010110110010100100101000111011001000101100101001110110000100100000100001111110100101001111010010101000000011011110001110110010000001101011000111000001000
1101111011011011101001010000100000011110101100010001010010001110111111001011110111010010000110001011000100111011110101000110010100100001000011000010111110100000100101000010111001000000000100000010110000111000111101110010101101011
1011101011101011100100001100100101011011100001001001010101000000000101001001000010010110011100011010010011100000100000111011011011011000001010101000000110011010001111011101001010111011011001000011010100100101110101110011100010011
1101111011111111110010000010000100001010101110111101110001110100111110000101000011000110100010101111110011101111001100100010010000001001111010010010000101000111001101101010111000000111110010110110000010111011100001000000101010000
0011100111111011101011100010000001101100110110001010000010011100001111110101101110010100110101110000110111100000010001101110100110110100110001000010101011100111001010000010010001000001001000010010000111000101000001100101000001011
1111101111111111001010010000000111111111000000101000001110001001011011000001101001110110110010001011001101100111100101010010110100000001101101001000110010000001101011001011111000010001000100111000100000100000100110000100000000101
1111101111100111001000101100101101100001000001010000101000000011000001110110110000010011001000011100011000000011011000110110000010001010001100010010001001101000101101000000010110010010100110001100100000110010000001001000000001100
1111111100101110101110100100100010001010000011100111010011100001100001111001110010001110000011001000100001100010001010111010011100001000001001000111001010100000001001001100101001101010000001100011001001011000010001001110111000011
1111111110110001100001010000000000001111000001000110100100110100100010000010100000101010110010001111110111110100110000000000000000011110011000100100001101110010000001100010000100000010001110011111101100000010011010011001101110111
0101111101110111110011001000100011101110000001111011101111110110110000100010000011010111111001010010000000000000011001000100110000001100011000010001101001101011000011100110010111011001101100100101010001001000000001110011111110000
0111111110111011000000100100010011000110111000101111110100111101001000111100001010001010001100000000010001111101001100010000011001011100000100010001101101001010010010011001010001011010000100011001101000100110100000111011001001100
1010111111111101100000110100010000111110100110111001111110100101110010111000101001011011001101101100101010011110100000010100010000010001000010001100100100011000001100110000101111001010001000010010001000010010111100011000010010011
1111111011111111101000011100011000010100100000001111000000110010011100101001011100101010110101011010111011010110011110011001100100110001011100010000000010101010000011110000010111000011011110001101000010010110101010100000101000000
1001111101101111011101011101110010000000001010011011100000111010000001001100101011001100010000100100110101000001101000000011010000101000010000010111000000010000011101001100001010001010001000000110100101000001011000100101010101001
1111111111101101101100001000000011001101101010010010000011100100010000001001100000010101000110101000000100100100010111100100100110000010100100010100001001111000000000111010000001100100011101101010000100000101100001000100110001010
1110111111111101110000001010100011000110100100111100110010000110010000111001110010010101000010011000100010110011101001000100010010100101010111001001011110110001000100100011001010011111110001101000000001000001101011011001000010110
1111001010011011100101011001010100111100010000100000110101010000100100000111000000000111000100010010001100001000110101111000010110101010010101000110110110110110100011000010001100101010101001110011111011110011000000000111101100011
1111110111111111110000110110101001001001010010001000101000100100011100111000111100110011001110001001010010001100010001001010011000100101000011100010111000000000011010100010011111000100101100110110111001101100010010000010101000001
1111100011110011101010001111011010000101100000101000000001111101110000000110110111010011000100000100100000011010101000001100011010001111100000001100100001010000001011000000111000000110000011100001010101101010001001010001110101101
1111001000110111011100010011011010001110001110101011001100000010011000010001011100000000101100011111101000100000001110010011100000111001010111001100100010101101000100011010000100010101001110011000110110010010010101000010000100100
1111110111111110001100000000010111101111010101110111001100001101010001000011100110011100010010000100110001100100010110010000100011011110001101000101110001000000100011010110110001010111001101011111010011100011000000110000111001010
1101111001011111111100111000111000101111011110110000011010001011010110000000001000001111111100100000101101001000001100000011001001101100001000000001010111010100011001011000000000111110011101000100001110010000010100100110111000111
1010111110111010100101111110100001101001101100000010000010001011110001110101010010100000101110010100010010001000010010100101010000000110010010001100011101010110001110100110010000001000001001010111000000000010110000000001011010001
1111111111111011100000110110000000111010010111011111010101100000000000100101011110100011100000000100001010011010110001001000000001101101100000101010111000000101100000000100000110010010001010100000001001111101100100000101000100101
1010111111111111100110000111000001101000100110011100001010000010011011101000001100011010110000011110110101010111100001100001111110010101000100111000101011101000100011110110011010110011000100100100000100001001111000011010101000010
1111110111111111100111011001101000001001111000001111000001011110100011001111101011011101000111011000100011000111001100010110011110001011010000100100011101010101000000000000000011101011101000000010010010111001110010010101010011100
1110010011011101111000010110000001100001011000101110011000110111100011001000000011110000001100010110010001110110010011100010000010000010001101011110010001110111101001010110000100000101000011000000111111110000010011000001111100000
1111111011011111100001011001110000011000001001001001000000001000010010111001011110110001011000000111001110100110010100000100010011110000010010001010000011000000010000000011101001011000100110010001110011100110010110000010001000101
1011010111110001010011000011010100111110000010011011101101111000000000010111100010010000000011001111010000001010011011100101000000010110001001011001100111011001000010001001111010101011000001111100111001001001101000001010000000010
1011110111111010111101001100001000100111011110000000000011100100001100110010010110101110001111010010011001110101110110001110001011000000011100000110111001000101101010101110000010001100100000000101000000011010010111101101011010000
1101011111101011100001011110000000011110010000100000000110000000101110110111100010000100000111111000001100100001010001001000000100000011101000000101000000000001101010100000101000111100011000000000101011110101000001100010111010111
1110111101110111100110010000001000111000110001000010100001100100101011001001001000100010100001010011010011111111100100000000011001000000110110001001110101011110010100011010110000011011011001101110001000011001011111101001011000001
0101011001111110111010100000000011100010101011111001110101100000100000111010000011101100010010101111010100110010001100110101000110010000010010000110010000110000100000001100000001001000000001010111001001100000010010000000100010110
1010111101011110110001011000100110010110000011111000000101101101000000001001000101110010100011001010101100000111010110001110100010000100001010111001001100000001100111100010101010011001000000101111001110011111110001000110000001000
1011111010111111101001111101101001101101110100111000000010000010101100000011011011111001100000010001101101011101110001000000001101011110110010110101111110100000000111011010000010000000000001000001010100101011000001000100010010011
1111111011110111101101000011010100010000101010101010100101101100000010101111000011000100011001010110000011101000110100100011101110010110010100000011010110000101011000001010011001110000000100000100010000110100001011100001000000001
1001111010111001101000000000100010010000010011011101001101011110000100000000101011011000111100000111001011101001100100101100101101110100111000100101010110010001100000001001000000010010100010100011000001101000110100001101011000001
1101111110101110100111001011000100001010100000001001100001011010111110101110000000001001100010111011010100000011000010001001000000101011001111101010100110001001100111000011100100100001010011000000001100000000010110000000010000011
1011111101111101110001101000010010010100010011011111110100110110110010101000101000000000001111110000000011010001100001000011100100111111110000000010100001000101001010001010010101010110000111000000111010000100000010010000110000000
0111110011111111101100010101100110100110001101000001100110011101101101100101000010001000011010000100000101110000001001011101000011000100000010000100001100100000010000001111110000000101001100001001100101100101001111010000000010100
