0001111001111011011111111111111111111111101011111101100100111111101010111110111110111100111111111101111110101111101101111111111111110111111111010110111111110110110101111110110111111111111011110110111110101111110101111011011111111101101001111111111011
1011110111011111111110111110110111111100111111101111110011111111101100111111010111111110111011111010110111111111111011111110101001111110111100111111110011111101110101010110011001111011101110111111000111011101011111111111111111000100111111101100111001
1101111111101101111101111011111111111111111110110110111100111111011011111111101011101101111101110111111111011110101111110111011111111101001111101011011111110110101111101111111101111110011110111110011111101110011101001111011101111111111111111111111111
1110111111111111111011111111101111111110111101011101011111111111111011011011111111111011111111101111110001011110111111111101111011111111111101110111111111111111111111011111011111100111101001000011110111111101111101101111111111110011111111011010111111
0111010101011101110111111111111111111110111111111110111101001111111111101101111111110111011111111001111111100101011111111111111001100011110111101100011111011111110111001111101111111111101110111010111111110101101110101111101111111101111110111101111101
1111101110101110110111111101111111111110111001111111111111101111111111101011011100110011111110101111111101101110110111011111111101111111101001111111111111111000111111100111101011100101100111111111111111110011101111111111111110111101110110010111111011
1110010111110111111111111111110110110111001011010111111110110110111111111111111111111110011111101011111111111111111001111011011111111110111111111011110111111011110111111110110001111011111100111111111111011110011111111011111101111111111011100111111111
1110111011111110111001111111111101111100101100111110011101111111111111101111111111111011101110111101110111111111010011111111111110111011101011110111111111111101111111111111111011111111111011111111111111111111111110111001111101011011011111111110111111
1111111101111110111111101110110111011110111011101011111101111011011111111101111111101111101111101111101101001101111101111101101111111111111010001111101111110110111110111111111111110111111111111100101111111101110111101010001111101111110101111111111111
1101111110011111100111011111010111000111110111111111111101001111111011111111101100011100101101110111110111111101011110111111011111111111101110111111110100111111111111011111101001111001111111110111110111110111101101101011111111111110011111111111101101
1111010111011111111001111110110101111011111111111111111111101110001111011111111101011000111101011011111111111011011010101011111110111110000001111110111101111111001111100111111101111111011101101111010111011100011111111001101101011110111111001111111101
1001110101101111111101011010111111111011100111011011101111111011011110000010011111010111111101111011111001111000110110000101110111111110001111111101011011111110111111011011111111011110101111110111111111111111100110011111111100110011100001010101111001
1111110001110111111010110111101111111011001111110111111111111111011111011110010100101011110111111110101111010111110011111111111110101010111010101111110111111110101111010011011111111011100111101111110111010111110110111110111011111110111111111101111101
1111101011101011011111101111111111110011111111010111111101111101111111111111111111111110010111111111111110011111110011111110111101111111111110111011111111011111111011111111001110111101000110111111001110111101101010100101110111111111111011101111110011
1010110111011100100111100110111101011111111111111011101100111111011100110101111111110111110011111111111111110111100111101111111111011101111111011111011111011101101011000111111011100111111000001111111110110111111111111111110111010111111011111111010110
0111110011111110110110111111011111101110111111110111001110111111111110110101010011111101111111111101111100110111011111111111011111110011110101111110111110111111110110110110111111111110011101010111111010110111101111111111111101111110110111111101111010
1111111011111111001111111111111111111011011110011111100111110010110111111011110111111111011110111011111100110111101111011111011111111111111111111101110111011110111111111111111111111011111111111101111111111011111110011111110110111110011110111111111111
1111011001110011000011001100101101100100000100111010000110001110001010000010010001011110100110001000110000100100000101100010010111100110110110011000010100110100001000100011000001110001000101101100011010010011100001101100100111110100000010000010000010
0111110111110111110000111010001001110100001100011011010011011110010100001100000000100010010001110001011110011011101000100100111010101010010001000000111011001010010010000001011010001101001100101101000010111010110101010001110101001011100010101011110101
1111110111111101111001110100000000001011000010110100001110101101000001010010000000100000000100011000001111010101000110001000100101101001100111001010000101010001001100010111001110001100100001111010101000011010110000010000110101011101101010011010010000
1011011011111011110001110100001100000100101110010000110100110000000100011001110011100100110100001110100001100100111011010000000100000100011001011101011101001101111011110010101001101110110100000100011100001011010001100000001001000000101011001010100111
1111111110111111110000011000101101000000010100010110011110011011100010100001100101010100101101100110010000001010010011100111000001110010100010011101010111010001101000001011010000000110010001010100001001000100001100011000010000001000100010010000010110
1111111111111111100011011100010111100001010010000110110100101100000001100000001101101000001000100001101010001000000110100110011000001100000110000011001111110011110111000011100001100001101010010011100001101001100001010110100000010010000000010000000000
1111111111111111010001101111000000110001100001000011010000001110000010000111100010010101100000000000100101100010000101001111100010000101011000110000010001010001000001101000100000001011001100000110110011100000001010111110101100000101000000000000100100
1111111011111111100000010001000100100011000011111111011000011000001101110110000000101001000000100100011101101110000111010111110011000000010100001000110101101010101101000110000000001110010100010110101101100000010000000110001010001001001101000000101011
1111111111111011111100100000001110101011000000010101110110000100011011000000110011000000111010001000000000100001100010110100101100001010110000101000100101001000110000001000111110100000000000000110100001000110000100100100000010001100000000010011000100
0111110001111111011010001000011001111001010010110010010100100010010110111010110110010010011000111100111011001000001000101000100100100000000011000101011001011111110010000100011110100111011110100100110100100000111101011111011000000001101001011000001000
1111111110111111100010011000000000000010101011100110010001011111000010000101000010000110000000100100100001001000100100000010001011000100101101100000000101000001110100001010000011001001111001010010100100110000000001100100110110101010000000011100100000
1111111111101111111100110111001000100000010000100000101000000011101111000001000000100011001100001101010111000000100101010010100000000110011001100101100001001011001010000011111011111001000011100100001101000001000011100001010000000101100110110001011110
0101111111110011000001000011101010011010000010000001011111010100100100011110100100000000100001100100000001001001111000101100010010100000100010011111001100100010000000100000000011000010001011010100111000001110100000000011001000111000110001110100001111
1110101110011110010100000100110011100100000101000110110100110110001010110001100011010000010000100000001001011011110100100010010101100000100110010010001101110001110010100101001000000000001001011010010111000001011101000110110110101101110000000100000000
1111011110110111110100000011110001110110110010001010000101000011000010011001011000010101110000010000010100001001000010001111110001000010000100010000100100000011101001001010110000010100100011010100110010010000110101011010000001000111001001001001000011
1101111111010101100101100001011101100000010111000011010001011100100101010001101011101100100100110101000101000001001101001100110000011100001011110100100010011010000101111010000011000100010000000011000011000100010001100000010000111001101001010000110100
1100101110011111100010000000100110000100100110000001000010101001000010111010100001010110100000110010001110010000011010001010010000100100111110100001001000100011001110100100011011010010000010111110001101111100101000001011001010100000100101101000010101
1011111101011111100000110000000001000000101100110000011110010101000011010001101111100100000100011000000101001000001101000010001111011001000111000110101001011101001001101000110001011001000010111000101000001001001011100101011000100011101101001001101000
1111111111110111110000110011101011100001000000010000010000001100100001101011001101000011110001001100100010010000111000111010001101001011000011001000110000001011010001000000000011010000101010001101010000001001000011011001010001010100101000010000101101
1110111111101011100011000000000100000100000011100010000101110010101010110011000110000000110110100110000000100100011000011100000101000110000010101100000010001000010101000000001101100001010100000011001000000110111000100000010000001110010110111010011100
1011011110011111011011001111000001000000101100110111000100100000011111110001000001101110000000100000111100000010101011110111101011110000100110110000001111010101000100000010001100111001000001010000101000001011000101110100000110110001000101101011000000
1111101111111010101101100100110111001001101011000000001010011100000000001110000000000101011110001110101110100101101100001100001000100010111001100000100010010111111000011000100010110010001010001000001100010010111011011001000100100000010001101010110001
1101111111111111101011110100010110000110001110010000101010000001010100011100010010000000001010011000111110111100011101100101110100010010011000001001011101010000100100101010010101100110010100011000110011011000001110000011001000001010000100000010110110
1110100111111100010011111110010011011011010001000101111000100100001101100001001101110110110010000000000110010101101000000010100100010100111001001011001001011010000110110000100001000010010111000010000001010101011111110101100011011000001000100010110000
1111001011110111000001010000000010100010100001000010001000010101011001000100011101111100000010001001001110011010100000001011110100010001001000000001001010101001001010100000001100011110000100000010000101100000000110101000101100100010010011010010100001
1101110011111001111011010001000110001000110001001100000011100101101011111111000010100100001001000000100010010100101101001101010101000010011101010110101110000100101000101000110111000110010110000001001000100111000110111000100011000000001111110100110011
1000111011111111110110010001101100000100000010100011111100001000001000100011110010101000000110100101000101000001111110000101000111001101000000110100010110100001100000011100100000111100110001101011010001001101001011001001011110010110011011110101101101
1111111111111111011001000001100000010111000100100000001001110001101000001100000010111010000000000000101000011100100110110011000001110100010001111111000001000010111010000000100010010000000011010100001010110000110010000110000010000001000000101100010100
1110101101011111111010000100110011000000100110000011000010000010001110001001011101011000000110001010110100110000100111110000011000000111000001110110100001000000000011101001110000000111110000000110000110000100000110010111011111001011111001011011001000
1101110111111111010001101000011111110000101110000011000100001000100011100000001101000001100011010010000010001001011010000000001110100100011001001100000100010101110100100100001110101111111110100001010000010001001001000011110010110001001110001111101000
1111101111011101110110111001101000001001010001000111110001010000101101101000010010101100011010000000010001100101100010010000011100000110010001100011001001010010101100011000101100001000000000110001001110110101000000100100010000001100011000000000001101
1111011111111101010011100011000100001001100000010100011110111000001000110011010010000101001100100011101010001000100001010000011010000100110001000100000010111111111100111010000011010101011011111000000101110010001101101001011000101010001000011111011010
1011111100111010101011110000110101000000011010010001001100110011010011000111111100001001011001000010010100000110100000000000110100100001100100001111010100000010110100101010001000111001110100100111001000010000011100111000100000000111001010001010001000
1111110110111111110110010000010001001010001000001000000010101001101001101111100101101010000111100101000010000011110101000110101010011111010100100000100111110000100100100100100100000110100001100011001010101000000110000100011100000001111010110000111101
1111010111101101100001010011001101000100100100000000010111000000100100010101000100110101100000001000100101010001010100110000111110011100110101111101100000000100001110111000110000110111011001000100110000110010110111011100100000000001100110100001000100
1111101001011111111011110000000110100001100000011000001011000101010000001100110100101000010010001100000011001100000000110000001010100011000010111001000000011101100000110011000000010010011100010110000001010110010100011011000010000111110110101000010001
1111111111100111010010001000001010101000010011111001000000011101001011001000101000101010000101000010010100000001000100111001010001011100010000010011100001100001100000110111001001000010000001000100000100001000100100111000110101000110110000011101110101
0111110111110011111000011001001011110111100110110110000110010010001000110010000001011000000000000010100010001000101000100000001010100111101100111010011101110000000100011100010000100101110111010000110100010000000010011101100001010100100000001011000000
1011011101111111111110011001110101100000000100010101001000010011011010101100100011111001000000000011100010110011000100111000000010100111010010000111000111000000011011000111000111001110000110110001000010101000001010100001000101101111100011001000000110
1110111100111111100000011000000010100010011100100010000000010000001010010110111110001011101101100000000000101111100111101100000100010000110011010011101001100011100000000011111110011111111001000110011000001010010001011011011100010011001010000000011110
1111111100001111100001000111011001010010000110011100110100110001010011010011000100011000001000110011011100000001011010000000001011001011100100100000010000011000101111001100000001001001001000000011100110010101100110111101000000110111100000101100101100
0101110111111110110010011010111010000100000101000111010101000001111111000010000010010101000010010100000100111101000100100000111100111101011111110100010000110011101001110001011000101100000111010010110010011000001110000010001000101100000000111000101101
1110101110101110110001110101110001011010100101101000110001001000000110000000111011100000101001110010111110000100100010001000011000001000111010100111011010000000010000101000000011000111100000001111010100010000000000111111000110111010110001110011000100
1011111110111011111000101100010000000010111000010000000100100101101000101001010010001101001000001000001010000100101101100100100000100001110111000101111100000001001110101000010111100101100001001100100101101010100001101010100111101011010001110100011010
1111111111110111110010000111100101010110000010110110010010000000100100101000001011001100110101010111100000110001111000000101010111110010100001010000001000100010101000000100010011100010001100111000110100000010110101101000100100010100000100110101100100
1011111011111111110000101011000110101010001010000100101000111000010001110010101001100101100010001000101011001000000000100000111101010000101011111010010100100110000100101100100001000011000100110000011100101111000000001100000010001110100001100010101111
1111101011111001001111001100111011001010001100100001000101001010111000000000001001111111010100111001010000110100101010000101011011100010000101110000011100110011101101100100000101011100101100001000101000000100100011010100000010010101110001101110101100
1101001011001111100010010010001010100000011011100101000101000000001010010001000001100100110011100001010011000010011100101010111111000010001100100011100001001100011100100101010000000011111001011100001110101000100010010100100010100000100010010110011011
1101100101111110100000010100100000010010111110000110100010010110101000010010001000101111001000000010000001101110010011110001100111010100101000011111011000001010001010111100011001000000111101001100000010111001100000110100000100000001010001011011110101
1111111101111011000001111110010011100010001001001011010101100010000000011001001000110100000101000000111000010100011010001010011100111000001000000110011000000000010110110111110101001001100011010110000000110111000000110110000010000000000000111101101111
1100111111111111111100000001011011010000000110111111100001101000110010111111010011110110111011010101111011001001100000001000001001000010000010111001010100111011001110010000000110010101100101011011000100110110101010000000111110000001000101000111101011
1011111110111101100101101001100001100000111010100100001011110111100000101101011010111110000100011011111000101100111101010001101001000101100100011001001101000010010011111010000001100100100100010111011111110010011010001111110000010001000011000100100110
1011111010110111101000111010110000100010101010001001100100011010100010110011001011000100110101100010011111010010100000000110010001001111011001100011000010000011010100010111010110101100101000110010001000011011100010000001110111000010000000101000100000
1001111111111101100100100111011101101101000110001100010011001101011000001000000000100101000010000100010010000111001110001001100111000101111001001100001101011100001000110001011010010000100000100000000010100000011000000100100001001000000110111001100000
1011001111111111000100000100101000001011010110010000000010000111000010100010100001011110100110011000000010100100001111101111110101010000001001010111001000100000000000010000011101000001110101111111011101111001000010101011000001101011010001010010110100
1111101111101000110001000000101101101000100001010010000000110101001010010011110001110010101100001010000010100001010100110101100001100101101000011111010100011110100100001100000110001001001000100100001010101001000001100001000000010100010011000100110001
1110001101111101000011011000011001100111001010100010101111100010100110000001000000001010000100101110101101100010010010010010000011000010100010100010001100010010001000110101001001010101110000000111000100100111100010110101011011101000010110111001100110
0111100011111111010010000000001000100100100000000110101000001011001001000001000000111111001010111011100000000000000100010100000001100010010000110000101000101011001001000010100100011010100101010000001111001110000000001010010111100011001011000000000010
1110111111111111101100110001100010110100111000101010000001100001011000011000000000100001100100000000000000110001000011100000111010100001100110100101001110001100001011110110001001000000001000110100000000000100000010111010101100100010101000000000110010
1111111111111011001100101101001000010001100000000010100011100000110110110010001110010001100100000101010110011001001011001000010000000000100111101000110100000000000011111100000000110101101100001000100101001100001010001110100001101000100110101000110000
1110110010000010111100000001010000111011100000000000001110001011111010000101000011101100011101010001101110100001101100001001100010001100000000000100011101100011000011010010111011001100100000100111110000000011001001010010100001001001111010100100101000
1111110011011111100101001000011011001000001000000111110010101101000011110110100000000001111000111000100100110000100111010110010110100000101111000100110010001101000010110111001001001111000100011000000101101000011100101001110001010010000101111000001110
1101111101111111110100000001000010001000010011001001000000100001010100100001000010100010000000000100000110010010001010110110001111011011010011001110100010010001110010011000000000000110010001000010110110000111010001110010101010010010100000100111110000
0110011110011001100001011001001000011110001010010010010010001010000101001000101000010000000111010001111100001100101001100100000001100111100001001000111101000101110100001000111010101101011111110000001000001010100000000101110100100001111110101000010010
1001111101010111000101010011010000010100000100010010010000100100100101010101111110001000100101001001010000111000100001110001000000000000100001000000000011000110001010000100111000111000011111000001001000011101000100110101001110000011001101110111100010
1111111111111111101010001110010011100000010000010010101001100111000001000001100000010101110000011100001010101111000101010110010000100001010000000000111001000110000010010000001101010010010010111100100100110110001110110000111010000010000111000110000000
1111111011111111010111000000000000000101011000001010001000000000010101001011000101101100000001001111100110001100100101110100000001000101001100110000001010111101111100001000000111000010100010000100001100100011001110000111011000010100011100101000110010
0101110111100011100000110101000000011111001111011011011110001000101011000100101001010010001100001010110001101010000110100001011110011000101100111000101111111100001111111011001000110100001110100000101000001010111010000100000010011101110000010000100000
1111111101001111001000000000000000111111010011000000010000011000000010001001111000010000101101010101000000001110010000111010000011001100011111110001011100110110000010101001110101001110001001111000101011000101010000010000011000001001100010110101010001
0110101101101100100001111001010001000001000001101010111001101101111010001111110000100001000100101001000000100110000001111100011011001101101000100100000000110100110011011100100111000100010010100000001111000000010000001001001001111110001011101010011000
1011111101101111110000001000001000010100100111111110001110000111111000010000010010110110001000110001010001100101011110010000001011001101010001011011001110010101010001010010111110000100001000010110001010000001100000110001111001010001100000000011101011
1111110111111111110011110001000000100010110101010100110000100101010100000000000101101000011000000000010011000000000110011111010011110010000000101100000110010110000110011000010011101111000010110011010111000101001001001011101000001011100100110010110010
1101101111111111100010010010100001101001000000101100000100010010000100100001001001010011100111000100000011001101000000000110110001000001000011000000000000000000110011000010011001000010000000101101000100000101001001101011000001010110111000001111001011
1111011011111111000000001110010011000000101101100000011000000000011111011011110110001000000000000000100010011110110001000100000100001100100010010111000101100000000000000010000001111110010100000001011011001010000111101101011101000010000100001100011011
1101110011111101101011010000110001010101010011010001100110001001111000111010100011110100000001110001111000011011110101111001001011010100100001001101001010011011110110100000011110010011001000011011010000111111000000000000110110110101001100000100110010
0110001111101010101001100000101000001001011010110001010000000101100110011000000110100100110001010010101100001000100101101011010101100011000001000001010000000100101100010000010000111000010101001010100000001100001010100010001010101011010000011101110101
1111110111101111100101000001001100010001000010110010011100000010000000010101100000111111011000010110111000101001011001100110011111101101100110111001110000110010111010100101011000100000011010101000011001001001000100001110010000100010111010101000001110
1101110011011101100110010100001010101110101011110010000000100000110000001111110001011100101001010010000010010000011001011111000100110011000011111100001000010000000010101101000011101001010110000011000011001101110110110100000000010000011010001000100011
1111110111111111101101000001001000010010010100000010000110110000000001110010000101101110001000000001100000101100011010011110100010001001100001001100100100000000010000000100101000101100011100011000000000100010000111010101011100110001000110100001000000
1011110111111101110000110000100011101000101100011001000000010000000101000001100100111001111001110110000110100100110010010100110100110101100000100011010101010110010000110000010000100110001010111110010000110110000100100000001001011010000100000011000100
1110111111100111111001011110000010000111000111011000011011001100001000001000011011000001010000100000110001111010000000011000000010001110101000010100000101001011111000100100101110011100011000110011010010110100010000110100010111111110011111110101001111
1111111110110111100010001100001010000101001001101000001001011110001110011001100010100101101000000100100000001100001101100101000001110100010011110100100100011011010100010110000010010011111000100010110011010000000110111101001011110111000110110101111111
1111110011011101011100100100000110100100011010101111010001001100010110000001010001000010001000000000110101000000100000110100101001000000101010000010101101010101101100001100010100100010101000000010110000101000100011110100100001001100001001100100001101
1111111001001101101101001011000111010001000101000000100100101000100000100100011000100001100000001000010100000000110011001111011011010000100011011011001011010001011011001011000001010100001001110010001000000101000000011010000101000101110100000011110001
1110111111111111111111110010010000000001101010101111010110100000000001100000100000000011100000101111000000110111000011000101000000111111010100000110101100110000001101000000110000010001001101000001011000010000011001000011101010000110101000001000110101
1111100111001011101101001111110100100010010000100000110101010010010100111100000000110000010110011001100010010000101110100100000010101111000100001001111111011011001100100101110010010110110111100100110000111100101000001001011000100000000000001001100000
1111110111111110001001010001101101000001100000000100000100111000110100110010000101100110011001100000101010010010000110100100000001010001010100100011000110000100100101000111001001001001010111000011001000001000101100110000100010011000000001001000110100
1111100111100111111010000001001001000000000010000111110000001100111100110001101001110000101000100101110000110000111001001001000010110000000100010100110011000000000010101010100010000100101110011010011010101000000000111100011000101001010010001101010011
1001011111101110110101010001101101110001100100101001110111001111001011010001011100011110100000000010100000001011000000100101000110001010000101100000011100000101000000011100000001000010010000001110011110000001100101110111100001000011010010001011110000
0011111001111111100010010001011001110100000011000001100010100010110010000000011001000000000010100000011000010001100111000111000001010011100100001000111000100110000101000010111110100001010000101110001100100010011110001100101000001000110101100001110011
0111111000111101011010000000011110010000100011010110110001100110010010001110000100000100000010000010101001000001000111110001100011100000000100100000000001101010000011100011111101010011001000110100010100110011000001000101001100011000100110100100010001
1110011111111110010001100000001100001101000100100100000010000111100101100011001111000001101100100001100101110100110001011110000000010000001000010110010100010000101100001011110000001001101001000000111110101010110111001110001110000000110010101100111101
1101110011011011100100001001001001000001101100000000000001111101000011011001000011011111101000010001100001000000000100010000110000111100010000000010000000101000010100011001101001001110101000110001001011100100110011111001010101100011111010001001000100
1011111100011011100101010001111010110001000000111010001100110000111111000011010000010110000000001111001010000100111000011000111100001010100100100011001001000000010101011110000010001010100111010010010110010011011110011010011100001100000001011000000101
1101111111111111100011001011000000010111001100000110101001011100100011101001000111010100010111011011110010110010100000001010010000000010000011111100101001010000000010100000011011101000000010011001101100001100110000101010000100011010101110111000001101
1111101111011110100110010000001111100110101010100011110010000010000000100000001100100100001010110110111010010010010100010001011000001010110010101110000001110110110000110000101011111110101010111111100111001101010111100000000001010000101100100001001001
1111101011110111101101101011100000000101110000010100001000000001001101110011001101011010001101000101011100000001101000001110101011010010000110100010001010000011101100110011011010111011010100010001000011010000000111100101010111101101001111000000001010
1111111111011011110010000111000000010000011000000101010000001011001010110010111001000011010001111010110010011010010000101010001111011010001111111100101000001100111000100001101011110100110000000111101110010000000010000010000011000100100010010101010011
1111111111001101101111000100110001000100111100101000011000000000000000000000011000010010010101001000000000011101011000010000010010000001001000110010001011111010000111000001101000001010001100100100100000110100100010000010011000011011101011001011000010
1110110111111111100000001001001111001100010000100011111100110001100110000111110110000100010001001111100110100110011101000110100110000101011100101000001000010100000000100101001011000001110100000100101010011101000000011110001100000001010000010100001000
1011111011111111101101011001101110010001110001010100110100001011000001100100000000000000011000000100011001101111100010101100001000100110001110100001000101100001001100011011000010100111000000010001010010000111100001010000110101101101100001010110001000
1011011111111111110001000111101000111001001010100110101010001000100011010011110001100001111000001101101000110110000100000001010110010100110011110000101010000101000010101010101001000000000010100100011010101010000001111011001100000001010100111110001000
1011111010111101110101010010001100111100000111101001001011000110111110100110110011000101100000011101100110000001000110100101110010001000110000111110000000000111000100111000001100000010011100100101110010100101010001001001001110000010001000000001100100
1011100111011111111101000000001100000010101000011001101010000010000000101100010001101100011000011100010110111101001001100000100000001001000100111010000000001111010000100000011010011000001000110001001100100010101101010000000111010010001000010100100111
0001111111101111000111101010011110011000001000100001000100001110011001000010011010101100111010110111000000101100011000100010001000010111100000000100110001110001011100001010100011010101011000000000010101100001101000001001001101000000100100010000110001
1111101111111011100000011011101011100100000010000010101001100001110001010000101100100011001001111010000000101001010011100100110100100101010000110001111010110000010100000110011000000000010000110110110000011010101100000001101100010001100100011000011010
1111111111111111110001010001101011010001111011010010110100010010111100010111010010010111010110000101101001110010100100110110010000101100111010100100001111100111000110100111000001011000000110000101101000111000011110000010100110101011000110100110011110
0101101111111111101101000111111000100010101000100000000010011001011010010101001010010011000010101100010000010110000000101000001100000001010110010101010000100100000000010111000010011000010111000011100110000000010111110101100101000010100010100101001001
1111101110111111101100000000000010001010000101010101001110000000010101110000001100010100001010001101000000000001111010101001000110010101001000111000111100010110111000111000100111010101100101111100100100001011001010100010101010101000101000001110001100
1111111111110111101011001000010001100000111010011011100101010011000011001100100001110110111010101111001000100101101110110010100001011110010011010000000000100000100000110001101010100000010000000000110100011100110101010000001000110010010001000000011100
1110111111011111101010010001000010110100010101000101100001101001110011101111000001100100100010011110101110011110000001110101100010000011010100111101010000110010000101111011100110000000100011000000000010001010000010110010110000011101001101001001000001
1111111110111101010111000111001001001111000011101001100011100011101000110111010000010110100000000000000000010011001010101110011000110001001111001001100111010010010111000010101101100001000100001011000110011010010100110110001000100010001000100010000111
1001110111110111000101101111101000100011100010110000010110101101111101000010001001100110101101100001010001110011111010000010010000011000010010110110111000101000000000100000110101110111010000001110100000000111110101110011000010000010100101010110000110
1111110111110101100101101001001010000011110001100010101110110011001101000010000111101000110100001100101000010101001000100011000011010000000111010101101001000011001100010110010100000001001010000101010011101100000000010000111100011001100101110010010000
1110101111110011110111011111010000101110000101001000100100100111100110011001110001101001110010001001000001001001110100001010000100101001100000100000111111000001000100000100001000000001101010010001101000001001011100011101010010000101001010011100000000
0111110111110111110001011000010110011011001110101010000011001100011000001100001001000110010100010111011011010011010000100010001001000000110111111001010011000011010000010010010000001010100000000001000100000010001110100011111101110100000011110100011010
1010011111011101101010000000000000000100110111001000101110110111101000011101000011001000100010001001010000110000100100010010110010000011000000000000110000000001011001001000101111001001001011000100110000001110010000010100101000010001000101110010111100
1111111111001111101010000000000000100100010000100110001101100000011101001010111101101101010001011010111100010011011101111100110101100101111000000010000101001110011010000100011100100100010000001000100110100001000000100100100000100000001011001010100100
1111111111111011000000010001010100101101010101010101000010000101100111011010001100010011000010001011110000000010100110110000000000011100001000010100110000111000001001010010010100011100001100000111001001010000011110110010101001000111101000011000100010
1100100111111010101001011010000010110000001001000011011000010010000011101011000010100101101100010110111011100010000001000100001101000001010001000000100000100000110101010000001011100011000011001010100000000010011111000101001111010000010110001111101110
0011111101110111000111010000001011011101110000011001110100011100011011010010011100000001001111100011111000100000001010110101100010111010101100011001010000001000011100100000001101001010010101001010011010011000001001001000001011001111001000010110100101
0111111111111111111100001000100000000010010100010110010001110000001100100101100110100100101000001010001001010011011101100110010010100010100110000001001000011100100010001100001100000001000010101001000110000010010101001010110110100100001110000111100101
1111011110111111100010010001011100001101001110000110000000100111000110001100100011001000101010100011010011010011011100010000100110010110000011011001011010001101101100110100101100001100101001000100000001101011100000000010010110001000011110100011101100
1011011111111111101111011110000100010011010011100000100110010000010001011000001000001001001101011100110000011111011100010101110111000010000101001111001000101000000101011111010101100010111010000011011110000001001110011101010101011101000010001111000110
0111110111111111111110001100011000100000001010111001000001011101001010011000101101110000010000010000010001011110100001101000001111011001010000110011110011101100111011100111100000001011111000111100001001011000000000100000000001101010000100110000101010
1111111111101110011000101100010000010110000110111010001001011000100100010000100010010000001000111000001101001011110011110000000111111000110000011011100011000101001000010101100011001011111000100000000110110101010000111110010111101010010010000111001010
0101111111011011110000101001000100011101111110111000100000011001000010110101110000101111011000110011011010010100101001011100100000000010010011101011000111010110110000000100111010010000101011000000110000001010000101101110001010000110111000001010111111
0111111111111111111011000100001001101001000011011001000101000110001110101000000010000011111101011000010100000100101000100101000100001101100110000100000100100111011011000001111011010000010101001011100000110101111110101111001101101000001001010011010110
1010111010111111101000001001100000110101101111001100001111000011100100100111100100001001000000001101101000011010111100101000000111010111110001000001110100010010000100101101000011101000010011001100100100000100001010000000101000010010110010000010001001
1101111111111111111000100111010001110010011101000100101000110001011011101101010001010011100010001010110110001110110001101110000110110011001001001001011000000100011000001000001001110001000101000000100101110000110010001110000111000111011100000010001100
1001110101110011101111011110000010100001110100011010000000001001101000001001010000110111100000010010010100110000000011100001011001000000101010010010000011000000100001000101001110001101000000101000100011001001111100101100001010110101001000001101001101
1111111111101101110010000000010010000000100000001000000000000100110111110101001000100011101001010010000001000110100000001000010000001100000100010101010010011100010111011100100111001100001010100011101101000010100011110000011001010101000101000011001110
0011111011111111101100010000111101100101001100000010010110010000100010110010010101001100010111001100001101111000110010111110111001100000101101010011101010000100100000100001101110101100001001001000000111000010100000010000110000000110000000111011001000
1111111111001101001110010100111001011110000100011001100110001110000010010010000110010110011001100110100110011010101001101110100001110001000000110010110011111100110001101010101110000000010110010100001000110100010010111001000100000001000000001101011011
1111111011011011011100110110000000101010111001000010100011010101001000000011010000100000101100001111000000010001001001001000000010001110111001010010000001110000010011011101011001100000000001100001000011001101010110011000010000111110110000101100000000
0011111110111001111010011100010001101101010101100100110110001001001111100110010010011100101110011101010011011001111000000010110100000100111110000000100001110011011100001110110111010001100001100000110000100100000100101110100010100010000001001101000000
0101110010101110000010001001101110000010001001000001100010100011010110001010001010001110100110001110001110000100100011001110100010101010000110001100000100000110010000000110100100001101000011001011110011110000001100010000111010010000000010011000000010
0111111001010110100110000001000011010000111011111000001101011001011111011011100000100001010110101001001011000100000100010010001000100000011000010001110111010011100000010001000001000011100000101110011010000100101000010100010000010100011101000100011001
1111111111110101111010100011100100101000010111011111010010010100000111010101100100010001100000100010110100100100001010010101001010000100011100000100100000000011111010000111011110001011010000010010000001010100010110100101111011000111001111100001010101
1111111011100111000001110010111000001110000110000100110010101100001000100010010110101111100110101100011001100010110000000110000100000010100101001001010000010110000110010110111000111010001100010100100000000000001011001001010110101010110010010100110100
1111101111111010101000000011000010101111001000010001010010001010010110010100001111100001011100000111101000010011100111001110101001011101011011000010110011000011001110010011101001110110000100001000110000000010111000011100111010001001011000100000110011
1110111101110011110011111100100011010011110101110100101001101001000101110110000101101011100111010001010100001011010001110101011111011000100011100110000000111100101111110001010110000010111111011010011001101000001010110001000000000000011110000110110000
0111101111011111010110000000101000011001111011110011111111111010100000000000101001001001000000001101110010101100001100100000101000111000010010000100111010111100000101000010000111110000011010100111010101000011000001011010011010101100001010101110000010
1111011100111111101001001011101111000011010110011100100110100000001100000100100000100010100101011001111000101100001001010011010010011000011000000110001000111001011001110000110010000001010001000010111000010100110101000101100011010101010110010010100011
0110111111111111101011001100000100001011010001010000000110010000101111011011001110000100001101110110001101000001100010010010010110010110111010000000001101000000001000000111011001111100100011000101000100001001000011001010101110000001111100101100001110
1110101110001011110100110100001100001110010100111000001001111100010100011010000000001101100100001110000001100101110000111100011100010001101000001110100000110001100100111101011000110110100100100101001100000001000010011110000100000111001101000100110001
1100111111011111101010110110000101100101001110011001001011100100010000000100110001100011000110101010111011101101001111000100001001110010010000101001100101000000111001000001101100010100111101110010101000001000010011111001010010000000101111011000110000
1101111111111011110000100101100000001000100001111111101100100101000010100100100011001010111010100011000000100110100011010100100010100100101110100110100100000110110001100100101111001001111000001101000101000010100011101101100001001110110000001001001011
1110010010111111111000000000010010110000101100111100000101011001011111010001001010100000100001000000010011010100000000100001000011000000101100011100001010001101111110000100011000000001001010000001000000101100110011101000110101000001100001000111010101
1101101111101001000100101001111100000100010100000111110100000001100001101110100100100110101111001001000110000001000101111011100000110101111000010001010000001000111100010000110100011111000001000010101100100000100001011110110001001010000000100000101000
1111111110011111101000010000011001010100010000000001001110001100010100111111001011001100000000110011010100010000001100100010110110000110100010010001001101010000010011001100100011011110011111001010001110000010010101111110000011001100110111100100011000
1111111111111011101111001011100101001010100001100011011111010101100010101111101000011101000010001001010010100110010110100000010100000100100100000000100000001001101111010110001011111111100110001010001001010000111001000011000001011101011011111001111010
1010111101110110000000000010000110010001101011100111001001011100101011010001000000000001100001010001000010110101101101111010000010110000011101000101000100010100011100011010110001011100000100100100000101000111000000110010010000110011111101000011101010
1011101101110011010100101011000100000011100000010100011011000101011111000101110000010100000001010001000101101001100001101110000110111001000001000111101001000110000000001000001110110111000111100000110101001001000101110001000001011100000001000011010100
0111111111111111110100100000011010000010100010011010010100000100101000011000000111011011101100000010010100111010001101000001011000011000010101000011110001011011111100010000011000000110000110010001111010010011111100001100001011000000100010100001011010
0111001111111111100010001010111010000010101010010100100000100101101010111001001000001000000101001001110000101010111001000000111010000111000000110000000101101000000110010110011101111110001001111101101110100111100010000100010111100011000010110011111010
1010111110111111000111000011110001110111100001010011101100000010001000000110110100110001101100100110000001001000110000011111000001000000011110001000001000000101011001101001001011101000001000000110110001100100001000110000101001011001100101010100111110
0111111111011011100100111000001000100011110010010010010011010111011001100001011101101000000000100110001110010101101110011100010000000010010001000111100001000010010100000100010000010001100100101110100000011000000100011111110010000000000010100101001011
1100000111011111111100000011000100001001100011010010011000100001001110001010111110100001010100011110011110010001000100000011111101001100000001010001100000000111010011001001110010111000000001111001001000111001000011101110110000011011001000001011000100
1010011011111101100010001010011001101001000100111110011100011011010111111001101001000001001101000001100001010110101001110101111011001000100110000000100001111011000110111110011000000110010000110100000101101101000001000100011000010010000011010000000111
0111111010111010101101011000010010000110000001011110111001000000101100001101011101011111000001000101001000001111111001111000100100001001001001010101001000111010100010001011010100100100000000101101001011011000010100000000010111000101000101110100001010
1111110111110011100101101010110110100001101000000001000100110100001010001010101010001101011001001101011100111011001010000111001101000000100101011100100001010110110110011000101011000001001100000110110001000111000110010000010101110011101010000010010010
0101101110111110110000101000111110011100101000000110001101000000001001001001101100011101000110110000111000000010101110010100100101001100010100101110001001010011000000101010010000100110100010011101010011011011010100111111010001001111000000010100101010
1111111111011101000011001110010000110000011111011010001001010000101000100001100001111010001000010001000000100011010001000101000001101011110101100011000110110011110101011001001100010001010000100010110101001000110001000100111101100111110011100000010001
0011111101011111000000110111000001011000001000101011000001011001111010000100011110110010101101000011000000000100011010001000110011010101111101110100010111101001110100110000000001000000010101111000011110010101000110001100010101000100001010111110111010
1010111111110011110110011101100000101000000010001000001001000010000010000010100001000010011010100100000110111100011001000101101011001100001100100101100000000010000100000001001010111000101011100010000001001000011101100000000000000000011001000000000100
0110111111111111110000010000010111111101000000011110000000001010010000100010000000001010100010100101100000001011001001011000100000101011000000110010001111000000000001100011011111100100001001010110010010101000000110001001000000011010001011111110010111
1100111111101101111000010000100000100000010000001011000111110010011001000000010000100011010000101101001110111000000000000010001001100001000001011111000111100100100000101100110000001110010011100100100010010101011100110001111000001011001111000001011111
1100001110111101100001001110001101000001000010101000001011001100010111000100011001001010111001101110011000000011000000010011100000111000000010101110011100101000011010000011101110001101001110100000001110100101010110100101010001101000110101001000111000
1111111100011111101001100000010000100000010001100110001001010001101000011100100010000100010001100000001010001111001100000011100001010000100100111001111110010001111100100000111110100001010000111111000010000101000010001000001010110010010011000000101010
1000101111111111110000010000001111100000110100000110011001011100100101100111111110001010110011001111000101100011010111101111010110001001110111001000110100110100110001110101110100100100100001100111001010000100000101000010010101100011111010111000011111
1101110110010111100000001010001110010110000110110010100110001011000000011011110000010111000001100101011010010001100001101111000001110101010110100110000100100000011000111000100000001010110001001100000100110110000001000000100000100011101000100100010000
1111111111110011111000100000010110101111010101110001110011100010001111010010000100000011111000100111001001001111000010000000000110100000101100000001000010011000000110110000101101101001101010101100100110100000100100001000000010010101010001011110011110
1111111111100111111011010110000011000011000110100100100011100101000100001111100011010000000010110100010111110000101001100000010001110100010000000000010001011111010110101000001111100000011110010000010100110000100000110001110011000111100010010110100010
1111111011101110100110101101101001000001110101000001001000000100001010010010010010000000010101111100100001010000110010111001000110011101000000011001001011101101000000000010001100001000010001000100111010010000001110001000010000001010001000000010000010
1110011010111111001010011010100011010000000000001110100001100000110001001111100010000000011001100001000011000010001011010100111010110000101001110000100000100101001000000100010011101001010000000000101000010000001000000000111001000000000110101011000000
1111111111111111110100000011101000010101000011010000001001010000000101010101011000101001001011100000101000101010100000001000101011001100000001110100010001101000001010001101000001111100110001110011010010000100001100001000010100000010100100000100001011
1111111101011110100111011110000001011011101101000110110010100011000100100000000110001001000000000000100010001111100000101101101100011000000000010011011011000100000000001011100001010000011001011100100110001110011101000010110001101110011000110100010100
1100111111001110000010001010101000111000001010000000110010101100101111110000001011011010010010101001000000111011011010001100100011000110000100000010100000001000101010110000111110000010000101100000010001000010110111111010110000000101000100001100111011
1111111011101111010001111010100000100001001000001001101010000101000011010000000110000010000000100100110000111101100000010100010000111101110001001110111000000000100000000000100010011101010000011010001111101010111001000110111001011100100100110011110000
1110111111111111111010111000010100101011000101000000100000101000000011010100000000110101000100101001000111000001100000000001011001001100111000100001000000000111010011111000010000010001010010000000000010101100001100001001011010001000001001011010100001
1110101111110111110001110000000100001001000100111010101100010011010100001100110000101110110101010100110000010110000001100110001010001001111110101101000101000111101001010011000100110110111010001000000111000011001010000101110000000111011101000010001010
0101011011111111110000011110010000000010110011010011010011000110000111100000111000010100001100000001100001000110000101110110110010000010110111011010011001001010001101010100001011010000001110011110011010000100001110001110010100010111001010010010100000
1111110011111110101011001100110001101101011001000110111111110000010010000000001110101000000000001010001010010101000100011010110010010010000000011001010111101000110001100001011101010010001101000011110001010100010000010110000100000000000000101110100111
1010111111101111101000100110011110100010111001101010100111001101100101100011000000111110000000101000101101000010111100010000100101001000010000111101000100001000010110110100110001001010010100011000111100001010010000000110000000010000110100000101111101
0111110011100101101100010110000110101000000011110001010000001000010001011110001100010110101000010101001000000010110000010000001000110011010001101011100001100100100001100001011000011010011100000001101010011100111011010010001011010100011000101000010001
1011010111101111000010010000010000010000011111011011101000110011110011010000001011100101111011100000001100100001110010011001000100000000011100001001010000011011000110111111000001111000000000011001101000100101101100101000110001100111000010011011100000
1011111111010111101111101000101011100011011111000101010011110001101000000100000000101000101001110100000000010010101000010101001000001000010010101001100000100000110000010001001100000011100001000010100000000000110100000110100001000110010000001100000100
1101011111111110111000111100111000111111101110101101000110011000000000001110010010001100101000101010101110100000000001000010000100000010000111110100111010000000100010101100010010010000101010001011011110110001100010000111100100110110000101010100011000
0110110111111110100000000000100101101000010011111000010100001100000000001101011000000000010001010000110000110010101000100001000001011110000000100100011100100001001001010000000100010101001110010011110001101000110010001100000001010000000011010011001010
1110111010111011100000100000000100000010011111010110111000100001101001010011001000000011000010101111100100110110011100000100011000010000010001001101100110111000110000010001000000010000101100010011011001111110110000011001000100010111011101110101010001
1101111111011111000001100010101110000011010101100010000001000001100111000100110001000001011001111001001011001000100010110000011101010100001000110101100000101011100011010010111000011001010101001001111100101100010110011000110001000001100001011010101010
1110110011110110110001100010000000111000011001110010110001000001010000011101110100110101001000101101010001010010010001110000011000001011100101110010001110000010001110001010010100111000110100110111110100001000001000000110110100101110101100000010010000
0111011111100011100110100100000000000000000100100110101001010110000101110011101101010011100001100100001110100001010100101101100000011100011000110001101011001100001000101010001011001001000100000110001101000010110000110101110000110010001101111000000001
1111111111111011100111000011011110011100011000001011011011010010001101000010010110000010010101101110011000100110011100000000010110011110100100110111000001000000001100000010001000100101001001101000000010000000100011001001101001000010100001010000111010
0001011110001110100100010000010101110001000010110100010011011111000010111100100010010111000100110111110100000000100001000100010010000001100100001110100000001000111110001100001011000100111110101100110000001111000000110000001010001001000000110010001101
1111111110001011000001101010000000011100001011111001100111000100101100100101100110101011001100100010001100101000010010100000001101000001001000001000101001001000110100110001001001101110011101010111010100000011001000100100001100011010011010101010101000
0110110001010111001110101000100100000001000100010000100101110101011001011011010100100101000010110001000101000000001011110001001011011101001001110011110110100010110110011101100101111010110110000010101110110111011110010010010010011100011101000001000000
1011111101101111101010001010000100010111100111110000011100001000100000010110110000000111100101000000010000100101000010011011010010001100110010000000011100110110100010100111000000001000000000111001110001100000101111001101100100000011110110101101000101
1101111110111101101001000100111000010101111011100011000010000000100101000111010111110010001101110010010010000100000010011111100110100110000100110001110011100000000001101001111000110001000000001001101100011001101011100111101010011011010000011011011001
1010111100111111100010000000000111111100000000100011000000000001100111111111101100001001001010010011110100001011010100000100110010000001001000110001010110100010111001101010100100000010100000000000000011001010100101011000100010010101001011010001111000
0111111101001111111110111001000001100101010101000110101010011110011001100001010100100010101001011000101000010000001001010100000001001111010010000000101100100010101010001101001000001100010111000010000000010100101100101000110011000000000010010100000100
1111111111111111110010011101011110010001110000000101100110100000101101101111011110010100001000101000101001011000010010000100011101001111100000010010110100001001101100011010001110101000110010011101110100010000011000010010000011011010010001010010001100
1111100111011011100010011000111100111100011100100100001111001000101011100011001011101101101111110001110100100111011101001011101100000010000101011001011111000110010001101010011001000100111100101101100000010000110000000001000001000011011110011110110101
0011110111011111110100110001010100001000000000011000001001111111111111000100001000000011010011111100001001110100010001000000110110100100001000100100100010010100010011001011011000111010011100110110100101001000000111010100000001100100110100000001101000
1111111111111101011000001110101110001100011100101000011100000000001000100000001100111000011001111100011111001010000100100001100100010010000000111101010010110000010101010011001011110100010011000110001010010000010101000111000000001110010011111101000011
1101111111111111100000001001000111010111100110100101100000011000101001011000010000010111001000100000010000000100000010110110001010100100100000011111011000100110000101011110011101010001001011000100000011101100111011000010000000110110011111100100000000
1111110111001011101001110000011111000100001001100110100000010000111101111001111000100000010010101001101000001110011010010111101000001000110010011100001010110111010001000001110100001100011000100011001000010100100110100000011001010011010010000000000011
1011111011111111101000000010001110010100100011110010001111111110001000101101010000000001111010000000100111010010100000001100101001010000110011000000000000010100001101011010101100001010000100100011101000011110011111011010000000000100001011000101100000
0011111101111100110001100001111100000010101000011001110011010100001100000010101011000010001101011010101001011000011100000111000001010100010100000111100000011010010101010011101000001000001100100000110011000111000110000001000101011100001100001001101000
1111110110011000100101010001000010000101001010001011100000011011100000101000000010000100111000001010010011000101010100010100010100011000110111100101010010000101100001101000000001000010001111010010100010001101000101000010000101000010110000000100010010
1110111111111011001001010011010001111000001000010111100010010010010010101010001000001000001010010101101100001001000001111011000001110110010011010110101001011010101101110101000000001101010101100100110001101110001000100000010001000000010110100001111000
0111111111110101101100111100111001101110001100010100100011011000010111011110000001000110011100000001100100000101100001001101001000000001001111110001110001111000001000100110100011000010011001000010000010000010000100010101001100010001010001111010011010
0100111011111101100100000001001011001111000101100001010110100111100000110001100101000000101001000110010110111110110010001000100110001001010110000101011010000010000111011001011010100111110111000000000001000001110101001011010100000001001000000001101101
1111110111111101011011101100101000010000010000010010100101100110100111100000000101110111000101000110000110100101101000110000010001100000000000000001001000010010100101111010010000010100101010100001001000010100001110001100100001000000011011100010010100
1110111111111011100100000000000000011110111010001100100000110111100111001000100011011111010010000000111000011101001011000011111101100001000010000010000110011111000000001001011001000000110110010101111110100011011010000011111001110101010100100110000101
1111011111111111101001001011010100011000001100001001010100001100001010001101001000000000000011010010100001000000000000011101101001000001001000111100010000100110010000100011000101000111000011001100001110101111101111000001111011010110000000000000010101
1111111110011010111110000010010011000101101000010010101010111000100010101100000001011111101000100011100000110000000001000000000101001000101000100100001000001010010000110011110111000101100101110110001010100111011000001000010101010011100001001001100001
1101111001111110110110110000010101100001110000010010100100011100011111000110010001000011001010111010011010111011000101110100101101001001110000010101000000010000000010101001000101110010010001010000100101110101100010011000100100011010001001000000110001
1110111100011111000101010000001100001001001001010001110111011101101101000000011010001110100101101110110110010111000000101010100101010000011100110001110101000010110011000010000010000011011100100101001100100000001001000010101010010010001101110111000000
1111101101001101100000000000010001100101011010001010110100010101000001111000000001010110000111000100110101111011001100100101100001011010000110100000110000001010010110101100000000100001011001010100001111010101111001011110100011101000001100100011000101
1111010111101011001000010010010000101000010011000101001101110010001100001100100001000000000000000110011101001000111101011000110000100101010011011100011110010001010100001100110001000110100110011011100010001011110000110010000110000100010000001100000100
1010011111111111101111010100011000111010100100100010101000110011000110010010001000111011100010100001001100000100101100011000000100001000000101110111011001000001111100110101000101001000100110000110111011100111110000000001100010001110100011101000110010
1011111111110110101011011001010000100011000111000010101000001011100000101000000100100011111001000011100100011000001001110011001111011001010100100011100110011001111101101100000000011100110110000000010101000000000101101111101000110110100100010001100110
1011100101101111100000000101110111111100001011011001010010101000101011100001000001010000100010101011000100100000000011010010010000001110011110000010011001000001000100010111001000110010011001100100110110101001000110111111101110001100000110001010000010
1111100111111111100100011101001001011100100000000001001010100100010001001001000111100011001110110010010011000100101010110000001111100110010111011000100000101000110110001010001100000110011011000100100010010010000100010011010111010010100010000001000100
0010111101110111111111010000010000010000101000101100000010101101111001011000000101010001100110111100000100000001000011000110101000110010001001100000001110001101100100110000010010001010100100110000111100101100000011100101000000001111111101000000000010
1111110111100010101000110100010011100011111010010000100000010001001110011010000100000001100011001000000001101100001001000101000100110000001110100000010101001000000000101000010101110100001010010111111100001001001110010110100101011010000011100100011011
1000100111111101111010000010001001010101001011010011100001000111011010110000110001010010110111001010110001100101110110000011001011111010000101101100100110011100100010010110100110111111001011111100001110110111011001010100100000000100000000000110000000
1110111111111100100111001000101111010010011000011100110000001000010011000110101001000000100001010111000011000000001101001110001100110001010101001001000000110001101011011000111001011101111001100000010010110001101001101010000010001011110011010011010000
1111111111111111111001000010110100110010110110010110011010000000111110111001001000000111010000110000011111000101000111011000100001111000100100011010101010011000111000100010001111010001010110010010101111001010100110010101110111101000011010011010010000
1101101110011111100000000001000100001000000000010011010111000000000110111010000010101001101000111001101000100001010100010111111111100001100010001010001111001011000000011100000000001000010011010001001010001010101010000001000100000110100100110001000101
1111011111111110101111110001001010001010001001010010110100000000100011010000100011110100000111110101001000000100100100010111001101000000110100000100011110011111010000101010001011110001000011011011101010000011011100000010001110000110000110000001100000
