010101101011111101111111111111111111110011110111010101101110001111111111111111101111111111111111111111111111011011101100111111110111111111011101011011
000111111100101100101111111111010110110010111110111111111111111111110111011111111100111111110110111111101011111111111011001111101111111111011110111110
110011001110110111111011101011101101111111101101111111111111110111101111111110110100011111111101011101110111111110111011111111101100110111110110111111
111011011011110110111101101111110110111111101111001110101011011011011101111011101010111110101101111010001111101111111110011111010111111111111111101101
111101111101111011111111111101101111111111010001011011010101110111011111110010111101011111011111111100011111111111011111011111010111111111111011111111
111010111111111110111111011111111101011111110110111101101111111110101111101111111011111111101111111011111110111111111110111101101101111111011111111111
101111011101010110111011111111111001001111011011111101111011111001111101111111010111111111001011111111011111111111111110100111111011111110111101010011
111111001101010100111011111011001100011111111010111111111101101101001111111111111011101111111100011011100111110111011111111100111111001101111111010111
011100110001111100101011111100111001110111111111111111111111111111111111111111101111011111010101011011111111111110111111011100111101111111101101011111
111001111010111111101111001111111110101111001101100111011111111100111111111111011101101111111010111011101111011110111111111110111110111111111101111111
111011110101110110111111111111111111111101111010101010001101111011111110011110011111011111010111001111110111001110110011111111111111111110101101111111
011101110000101011111111100111111111111111110011111111111111101001001111111111011010111101100111111111111111111101010111111110110101111110111111111111
111011101111001010111010011101111110111110101111111111101111011110001111010101111111011011110010111111001110000010011111111111111111110111111011011111
011111111111101001111111111111111110101111111111111111111111111011110111001111101111011101110111111111011110111100110111110111111110111111111111111111
111111101101110101110110011011111111111111111111111111111101101111111011110111111111000101111111110000101111100101111111011111111101010111111111111011
011111111110010011011011111101111111111011111010001101110011111111111101111100001111111101110101110001111111110101110101110111111111011111111101110100
001001101011101101111111011010111111111110111111111101011111111011101111101110111111111111011011001011111101111111111011110001101111011011101001011111
110111111011111010001100010010111101101000101110000010100001111000000110011011001001000001000110010000000110011100000000000110101101010110001110100010
111111100011101110000000101101001111101001110001010011000100111110110001000101101110011111100000001010010001010111110000100101001110010000101111101010
111111100111111110001100101101010110010110100010000011011011001010001011010101110010010011010010010101100101100101110111001010001000001001100100101010
011111010011111111010000000110010000000110010100010110000010000100000101011101001000000110000000110110011101000101100000000001000000101011000100000000
011011001001010111010011111001010000000000010000010000001011010000000011000000101000010100101000100010001100000110110011000010010001011110010101001111
011010111110110111011000001000010000100010010100100011010010001110100001100100010011000000100100110010000010000111000000000011110010010000100010001100
111101011010010101000000000001000101000111101010100001101011001001010001110000101000101011001011001010001000110011011111101000000100111110000110001000
111111111111011100110000001001101110001000100111100110010011000001100110011001100011001111100110110000010001010101010101000110011101100010101001000110
011111111011111010010101101010100000010000000000100001111110101010110110101011101010011110100100010000100001000100000100111111010101011111011000010000
111111110101111111001100000110010100000001100000011101010110111111011000101111010000111001000001010100011011000101010000101000100000110001100000100000
111111111111110100010011001000010110010100010000100111101100010011000010100000100101100000101110010100110000000111100100001110100100101011000000100010
011111101111001111001100101000110010100100100011001111000111110000010001110000110011011001100111001100000101010011011110100001010110001000000011011100
010011111111011011000000011100011001000101000110110111110110000001001001000010110101110001100010000011110000101010011000000111001001100110001010101000
101011111111011111010111000000010110100100000100000001100001010110111110111010010011001000000100011110000100010100001000001011110101011100011000010100
101111111111101101000001011010001010001011110111010111010000000001110010101011100001011111011011001001011101011011010000110110000010100101101001101110
111111101111001010101001101000110101101110010010011111110001011000000001110100000101111100000100110010100110100000001000010101110100101010000010000000
111011111111111101110001001010110000100110000110010000101010111101101011101000001010001000001100010011000111101000100010000011000110001000110010000010
011111111110100110000010011010000100110101100011011110101001110011001010010100010000110100100100001111101100000011010010110111111010000100001000000110
110111101011011110000001100101000100000111000000100100110010000000010001010010011110010101100100000001011000001000010001000001001010110010111010100110
111111110111010110001000101000010100010001001000100011111100111100001000001000001111100100100101001000101000000000011100010001001101001110010000010011
110101111110111110011010001010001010100011100000111011001110101110011000010101011100000010000001101011010101001110011101101010001100101000000011100010
111111111011111111100000000010001000100011100000000010001100000010010100010010110001111100000110101011011101011010000100000000010001000100010101001100
001111110111110111001010010010001101001010010000011010011001111000000101010100111101110000001010110100111000100010111100100000000100010011001000001011
101101111111011100010101011001000000000000101001110000100011001000010000000100000100111010100110001001100101000000001011100000111001000100000000111100
101010011111101001100100100100001100100000111111001011000101110000100011001010001100111110101100110010110100001010000111001011100011001100000010100101
110111111111111111000110011111010010000001001100000001101001010101101001000010010001011001101111101110000110000101111010011011100001100111100011100101
110101111011111100000110101000001010111111000110010111010101000000010110110110111101011000000000110001001111001001001101010010010000101000111001110011
111110101111110111100010000111010001110010000010001001011110110000110010010000001011100101000111110011110010001101000001101011010100001010000100011100
010111011011111111010000000000100101001111001001110100000000001101011010000110000000000000100011100010100001111110000000000010111101001000100001101000
111111111101111111010101010011010010010000110100001000000100110000111010010100111111000000011000001011011000110100000010110100100000100100001001011000
100111101111101010011011011100001011000111011100101010010110010010110100001000010011000000100010001000001000010010001001110000110000101001010000001101
111111111110111111011000010101100010100101000100000010010010000011011011100011100101101001001010111101100000001000001110010011001000010001101010010000
010011110111111100001110010010010011001001001010101000101100000000011001111111000000001010011001101000010101000101001011010110001100000001110010110110
110101010111111111000100010101110010000010011101100010100000001010001000101001101001101101011001111100010001000100011001001111001001111010001101111100
110101111111111110101110000100110011110010001100000010010110111001010000111011011101111001011001001110101001011000001001000011010010001001100100100010
110111111111111110110000111001101111100001000100110100011001001100000111100101000000010000000010010000110010110011001000101010000000001111001010001100
111101011111101110110001110010011011001110010010010000011100100100000001000001110111011110110000011001000010010000100110001100000000101000101100111111
111111111111111110011011000100010100100100010101001111001011000010010001010001001111011100000001001010000010001100100011100010110101010001101001000001
101111111101101110000101011100000101010001111011011000000000001000001011111111000100100001001110000001110000001011001001110001010011010000111010010111
111111110110101110001100000100011001000001100010101001100010100110001010001100000101101111100111010000111100010111110011010111001010010100110010100110
111101100111111100000000100100010100110100010010110001000010100000111110101011000000101001000110111010001000000010000011110100000000100010100011010001
111101111001111111001000000111100100100110111011000000110101001100010011010010011000010010011000010101001001111110111000001100100000101100100000110000
111110111001011000000000001001001011001100000110100001010110110000000010100010011011010010100001110010001001101110000010100110000011001010101100011101
011111111111111111000011101001010100000010110011100100010110010010100010000001110010010101000000001011100011101001010000100011111101000111011101011000
111101100111010110000100001000000000110001000100110011000101100101001010100101100110011000100110110010100101011010100011000110001000100100000100100100
110111111010101110010101001010001000001010000000000110000110000000101000010100011100010000111101000111011110000011010111110001000010000010001110000011
111110011011111110101011010100011000100001000100000000010010010000010000110011010000010001001110100010000011000101101000100010111100101100111000000101
011001111101111111011110100110001100111001110010011001010000100000000010001101101011101001110101110010000110010011101100101101010101001000000011010011
101011001111111111010011000000110010010111100110011000100001000100000110110011000011100100101000101000010010011000010010000001111001000100000001101000
110111011111111110111011110011100000000000100100100001100100000010001100110011010001000011111101101000011001100001010010001011011000101101100001010100
111111101111111111110111010110000000110110001110100001011000100101100001101000101110001010000101111010011101100000001001110011010000000100000001001101
001111111011011111011000110101100001010000010001101000110000101011100101100110010010101110010101010101000011110100001101011001000101010001100100011000
111111111111111110101101000010101110101010001011111001101010110001100000101001111000011111000010001000110101110000000010001011000011100100000001000000
111111011101110111100110110100100010001010010000011100100111010110110000011011100100010000000110000011010000010000011011010100001111100001010110000100
111111101111110011101100000001000010011101001000001001001101100000100100111110111000000100001100010000000010000111010111000101010110011000001000000011
111111101110111011000011100000110111001100001000010101000110011101000100010100001000101011001010010000101100011110111101100010100100110100001101000000
111010011110101110110011000100001110001000000000101000111100001111101111001011101101000010000100011010000011001101010111010101000001100100010100001000
111111101111111111010101100000100000100010001010101010010000111100110101010101001000000110100001011101000101000010000011110001110110001001000011011100
111011111111110110100110101011000111001001111100000010110100110110000001010010110101110000011011000000000110001011010001000000001000100110110101000011
011111101111111001000000010111001101000100000110001001101000000001001010100000001011111101110000011010000101010100000011110011011101100100010101011100
111101111111111011000100100000010101000110111100110010010100001000100000100100010010010110000001101110000011000110100001100110101111110100101111000100
110101111111111110010001001101110100100001010010100010110010011010111001101010001010010010001011100010001100001110111010001000001000100100100010001001
111111110101111000001000000100000110001111110100011100001001001110000101001010001010100101001100101001110100010101001100100100011110011001001111110001
111000111101011110111000011000000100000000011001101001001100100011100001001001010000111010000010100110001000111001011100001101011101001010000011001001
100101111111111110101001000000000010010000100000011100100110100000011001101000101010000011111011000000010101010001001100010001000000010000111001100111
110101100111111010110010110010010100001000010000011000000001111011000100100000000001100010000000101001100001010000100110001011011011011010110010011000
111011101001111101001001101011000000101101000101101010000110110001000101000010100010100011100000100100000100011000111011001010100100001000000111000000
111111111011111111000101101110101100111010101010010110100000010000001101101111100010001001001100100001010000100110010100101000110110001010100101100110
111110011101111110000000110110101010000001010011010000010010100000011010001010100000000011100000000100110101001001101010001000110011000000000101000000
010111110001101111111101001011010010100011111111011010111001000001110101110111000000010001000010100010100011000000010110101110110001000000000010110100
111111111111110110000101100000110001001001110000011000001101001001011000100000001000000000011001101110111001000000111010000110101010110000000111100101
011100111100111111000001100100100100001101110010111011001010110111100101000001011100100000011100001010101111111000001100011000000100001100000011100000
111111111111111111101110101010100101101111000111011101000000110011000101011011011100100010001000011111010111101000000011001001010011010110110100010011
110100111111011100010001011100010000100011101100000111011000000101010011010000111101000110010100001100100101010010001100000010001011100000100000100101
111111011110111110011000110001010000000011010110001001001110110000001001110110111110010001001000000000000010000101010110000110101010010010100101101010
100110100111110100101000100000001000010111110001101000001011010010011100000000011111100100100000010001110010001010001001001001011000010101101001001100
111011011111011110101000010101100100010010011100011000000010001011001100011010110001100100011000011100101100000000101111000001000110000110110101100100
111001101011111010111111100100111100101010011100000100000101010001100000000001011010010001000000010011101000111010100001010000001010001101111001010001
111111111111110110110110010011001011000010010111110001111100100101111101000010000100110100001000010111000110100000000010111010110001100001000110110001
111011010001111110100000010011100110001011111010011110010010000000010001110011010011110111000000001000111110110011000001000111010110001011010010100101
111011010111111110000101100000101111000010000001001111111010011010001110101011010011010001010001001010110000100011000000011001001000010010000001001010
011111111110111100001110010101000011001111100001111101011101001111000010011101101100000111001001000100110010011101000111110010000100000010001111010010
110111111111110010001100010010000011111000101000000011000010101000001001000010000010010101011001011000101011111101101010011100100001011011000000100001
111010110111101101100000010000001110011000010100110001000000011001001101110000100000101100001100010100101100111100010010000000000100001110000000001001
111111111111111110000011010010100110000100000000100001011111110100010110001110110110110000000111110010000101111010100100000010111101111001000000000000
011001111011010100011001000111010001100101001101001001011110100011101000001001010000000010111111111000011000000001010000100010000011001100001100111001
011010111110111111001001011110000100101000010001101001111010001100000010100100100001100001000000111001100110010000010000011001000000000010011011101000
111111111111110110010001110010011101101001100110011001001010101001000000001011010010101001100111000011110001010100100011101010010001001111011000000010
111111111110111110001011000100000010101110101000000011110001100100010101000100010111000111001010000010000010000111001000010001010111110000101010000010
111111011100101110000010000000010001010111110110101011011010010110000001010001000110111101010000000111001000100111110100011010010001001101001010110110
110111100111111110101001010101111100111100101011100001000000100001100001111000101100010011101100011000000100001000000100010010010100101001010010010100
111111111011101111100001000000000111101011011000100001010100101000111101100100110000000101111000010101011000000011001100011100001001000010000100001100
101010111111111110011000001101000010111001000100100000011011010001111110000101001110000000000111010000101101000001000010010001000011010001000010000000
110101111111111111001101001001011100100001001000011101001000000001000000011010001000010001010010000111100000000100100001111000100110110000111100110110
111111111111111111101010001101110110001001000000000001000000101010011001011100001000110011110000001110000000100001010011000110101010101000101010110000
101111111011101111000100100010011000010100011010000110100000100111100001010110001111100000000011111010111011100001111110010100000001010100100110101010
111111101111110111011110010000110001010100000000010000011100000001111000001010100100001100111111011000111100010010001110000001011101001011100001101010
111111111111111110000011000101101101010000100101001101100000001100011000111001001001111001001100000000100111110000001110101100011001110000001101001101
110110111110110101110010000010111110001101111101010000110000100000001111000000000000010001111100100010110001110000000101000111111001101100000100000000
100111101011011101110100110101000011110000100100101010000111010100001110011100000111000111000000000100001000011111000100000010000010000010101111010010
111000011101011110001001110000000101010001000010100001001000110011000110110001000001001001000011010011011011000001011010000111001000000010000010011010
111011011011111101101011011110011111011000101110000001000000110100100000100110010011001100100100000010011000100010000000010010010010100011011010001011
110011111111110110000010010101100111110010101010000010100010001001110111011110010000001000000000101010001001100101100010001010000000111101010001100010
110100101011111100101000111010000001100000011010100000000011000010110000010100000000000001010011101100110101011010100010001011100101010000010011001010
011110011111101110010010111000011101100010010010001100001100000011101001110111011010010000000000101101011111011100011000000100000100001010000100001000
101111111111111101011010000110001000000101110010100100001100101100011011110001000110011011011010101000000000001000000011100100100100000011000100101000
111100110011111110111011000001000000010011000000001100101110000001100100100100000000001100001110000001011100000010010101101000100000111101101000101000
111100101111111110010111111101010110100001000101011100000010000011101000110110101000000010100101010100101010100100010100000100101000011010001100101111
111110111011111110000011011011011100000000000100001000100010101000001101000110110001111001000101001010001110100010010100110100101000000011111110011101
011110111001110111010001000011000100100100000101000011011000110010010010011001110101101000011001000000110101011011001010001001000101001110110001001011
111111111111110100000000000011001110000111010101101011111110001010001100000110000100100111100011110110111110111100010110000101001110000111000000110011
011111101110101110111001011000001010000010100000000100010011001001010011011101010100000000000011100011000000101000110010011110000001010100001000010110
011111011111101111000010110100010000110001111010100001111011000001000111010000001001000100001011010001010011100000101001000110010001111010110011001001
101111111111111111010001110100011000001000100000011101000010010001010100000101000000000010100110110101000000101110011001111101011000100100101010000010
111100111111111100000000010001000110000011100001000010101110100000000000100010100100101000000000110011000000000010001110101011001100000111000000111111
101010011111111101111001001100010110000001000000010001010100000111100000011011000001111100110000010101100100001011111011110110101111010000101001000011
111110011111111100111100001010000100010101100011101000000100101100010111000100001101010100011101010010101011001010010010100110000110000101100000001001
111011111111110101010000000000100011010000001101101110100101101001001000111000110100011101000000000000110010001010000000100001100000010000000000111101
111111011010101010101010000000000010000011101000000001010000000000100101101010000010101101110001000001100110000011100010100001000000111011000010000001
111111111011111100100110101011010001101001000001110001100010110000010111100000000110110010000000110101010110000000110000110111100000101100000111000001
011101111111110110010100100100000001001111000001010000011101101101011001000110100000111001011101010010101010111011010010100011011100001110100100001101
110010110110111101000100001001000000001111011101110100000011000000000100000010010100001011011101000010001001010001001010000110001000101000000010100001
110110110011101000010001001001101110100010010100000010000110100000001110110001011010011111100001001001001110100111000100000001110010010011100101111000
111111111110101000000110001011001110000010001000010111110000000100001101000100001011001001101111100000110010110001110000011011000110001000100010110110
101011011111111110101010000010000110100000111110011010010000101010100010110110001010101111010100100000000001100010100001101000010010000100100010000001
101010001101111111010010100111100010001001001000110000110000101100100001000100101000001001100001010110011110101010111010001011101100001011001100010001
111100110111111110010100111001001111011110000010010000000101010000110000001000110100101100000111000010001110100001000100111110000101100100001100100110
100101101011111111010010100010001011101011110101010001100110010110000001100100111010011101001111111110001111110011101001001011100011000001010111000101
111110001011111111000010100010001001100101100101100011101010100001010001100001000011001010110110010110111001101101001010010110010111110000011001100010
111111111111001111000000010100000010010000101000010010000000111000000110100110000000100110010001001010001101001110110110100000100000011101100000000000
111011011101111010000111010101100010100010100010000111100100110001000111100000100000110001101101000001111110000000110001001010011001101000000010100000
110111110111111101011001000000000000010001000011000010000010110000001001011010000001100001001011011100100000010000100101010000010001001001001101010000
111010101011111111000010010110010100011100111011100001010011001000101000101100010000011111110000011000100100000101110100000100000000100111010001011110
