011101110111101111101101011111111011111110101111011111110111111111111101011111111111111111111110101111111101111101011110111111111110111111101111011011111111101100111101111111111111111011010101111101111111111111111001010111011
000010110011111111110111000111011111101111110011011011100011111111011111111111011101110111111101111010111111111110111011100110001111111101111111111110111101111111100111111111111111111101111011111001111111111001110111010111111
110010111111011111011011011111111110111110001101011111101011011111111111111111011011111111011111111111111111111111111111111111101101111011111111100111101001110111111111111110111110011111011111011101101001110101111111101111111
110011011111111101110101101111111101110010011111001111111111100101111001111111101100110111110110111101111111110111110111100111010111101111110011111111110110111101110011111111111111110111111111101011101111101111111011110110001
111101100100110011101101001111111111110110011110110111011111010111111111111100111001111111110110111101111110000110111111111111111111111111101111011111111111111111101111111101110001111110111111111101111111111101101111111001100
111110011111110010111111101111111110101111101111011111111111111011111100101111111111111111011101011111111100111111110110101011111111111111111001111111111111111101111001011111100111011101111101111011111111110111111011111111101
001111011011101111110111111111110111101000011011111111111110111110111111110111111101111111001001111111111110001111111111101011101011111111111110101011011111111111011111111101110011111111011110111011101111111111111011011101111
110001100111111011101011111101111111111110010111110010110011111111101111101111111111100111111111000000101111101111111011111100011101111111110101110100111111110001111111011010001110011110110001011110111111101011011010011111110
011111110011101001111111111001110101111111111111011111110111111110111110011111101111111111111111110111011111110101111110101111110101111111111111111110101111111111111011111110100111111110111101111110110111101111100110111111111
100111101011111111011111101111111111111010110111111111111011111011001111101001110110111011110011101011111110111111111101110100111110111111110110111111111111001111111101111100111011111111101011110111111111110111101101011101111
111111011001111111111111110111111011111111110110111011001111111100111110111011100111111111011101111111111111111111101101111111111111110111111111110110111111011111111111111011110110100011101111111111110111011110101111101001111
011001110110111111111111111101111111111111011101011111111111011111111011111111111101101111111011111011110001110111111000110110110110111011111110111111110000111111111111010111110111111111001111101111110111111111111111111111111
111111110011010101111111010111011011011111110111111111101011011010111111101111011111111011111110111111111101111111011110111111010111101011111111111111111111011100011111111101111111111110111111111111110111101111111011101010111
011011110111100110111111111111101111101111001101101100110110111111011011111110111101010111011111111110111111111111111111111101110111110111111111101111110010110111110101111110111011111111111100111111111111111001111110001011110
110111111011110111011111111101011111111111111001111110011111110001111010111001100011111101011111111110011011101111001111111110111011111101111111100110011111010111111111111010111111111011010111111111111101110110011111111111111
111101111110011011111011100111001011111111111111110011111110111110010111110111111111111101111111110111101101111111111111111001111111000101110111111111111101111111110111111011110110100111101101110110101110111111111111011001011
101111111101111001111111100111111111101111111111010111111111011111101111101111111110111111111111111101011011110111111111101011111111111111001001111111011111110101111101011011011011111111111101111101111001111011111101111111111
001100100110111010000001111101110001101010101010111100001000010010010100000010001101110010111010000000011000001110011010010010001010101100100010001100110001000000111010011000000001000000001111010111011010100000000100011000110
111111111101010111000010000001001001100000100110010010011110000000100110100110101010000110101100100110000010011010101100001111001100001001100000000110011010100110110111000101011010001101110101001010001111010111001101110010110
101101101010101110000000000000101000110000010101011010010110110111100011000011011100001011000000011001010100101100010000000000000101000011101111010010000011101101010101011100011000111001000001000100110010101100101000100000000
111111001111110100010000001100011101000111111100001000010111011010000100000010010111000100010000011000010001100000001001001011000000101010100001011001011001101001010100100000000010000000100100001000010010000100110000110001110
111101111010001100101010101100011101000001011000000000000110111000000110011100110100001101000100010101101000011110010000000100011001100100111111100101001110001001100010001000010011111000011010110000100001000000001101100011111
111101111111010110011000110100001000000001001100100100101010000100110001000010101101100100011110100111100010010110001111110011111011000001010011110101100000100100001100100010010111110000000000011111010000000011101011010000100
101111010111000111000000100011000101100011111000000010010100100010001110110110001001001101100010110111001000000100000010011000010011001000000110001000110110001111000100110100101010011001001110011100100100110110000000010011100
101101101111111101001101000100010000110010100001010110000000111001100010111000000011101011000101000000011011000000001110010100000000000010100100100010101000000001111001000001100101000000000010010011000110010010011000111001000
100111111111001110111011000000110001101010101001000010001101000000101001000110010111000110001000011010011000110011101110010111000010110000011100000001110101100011010010100110110100100101000111001011100101111100101010100010001
111011111111111111001100110000101001010110101011000110011010110000101000000111001001000010010001001000010111001010110101100000111101100000000010010011101001000000001110100011000010010010100001101100001100101010000101000101100
011111011011101111011010010000001000010100000111001000001100001011110000111000001000011100010010000010010000010010101001010100010110010000010111011011010111000100001100001001110010100110001011010000001110010010001101000001011
110111111011111110000110001100011010001010100000011000110000001100010000100100000001110010100111100010010001010010001001100010110000011110001101000001011110000000000110110101001100111001101000011100011011001000010111100110000
111100111111110100011000000010101111100001111101011100110000100001001101000000010010000011000100011001100001110000011110001001110001110110010000001001011001010011100100100110101000111011111100011001000010100000010110001000111
111011110101111101110110110100001010010001001001011000100000100101001101011000000001100000000001101000000010001110001101001100000011001001100001110110011101101000100101001011010000011010001010010000010101010001000101000000000
110111111111101110000010100010000000101100100000001101001001110010011000000110000000010011110100010100100000001000001010010110000111110100011001100110010100001000100100010000100000000111100101111011111011000100000010101100011
001111111111111111001101001110100010100000110101011000010010000111101110010011110010110111000000011010110000001110101000100100101000010110100111001010011000111001100000000101011111010100011001110101011011000001000010101101111
111111111011111110001000100001011000000100000100100011010001001110101000110110010111101100110011101111001110001011111010100111110010010000000010000001000010100000000110010111010010011011100011101100100001100010000100110111001
000010111101001110010110001100111101011101010000010000001100110001000000000111011100111010000010000000110000010100010100001011000101001010000110000000000111110111000101101010110001001100101101000100101001110100000010011000010
101111111111111110001000000000011110101101110001010010010100010101010100011000010000011010011001101110011011100100100010011010011000001000011111100110010001001000011100100010000110000001111110010110011110100111000000000100011
110011111111111100011100111101110111001110100101110011100111001001110001110000111000001000001010100011010000100100000100111010100100101000100010110010011100000001011010100011110010001100100110000010010000101000000000100111001
110110111111101011110000110010010100100101001001001001000000100101101100111000000000010100000000101000110110000001100110111010010000100000011010000010000000100001111100101010000000100001010001000000000000000001100010100010010
111110111111011100000100010000111011010011001000100001000001101000110110100000001111011000000100011010111001010111010011010111100100000000101010000000000000010001111110010000010100000010111010000101001101101110101010110010000
111111110111111100001000001101000110001010010010111010100001001000110000010001001011110101110110010011000000000110011110111011000000000111100111111110001101100100011111011010010010011011000101111010101011001101110000011101101
011111111111101111010011000010000100000101101001000101110000001100001110001010011011000101010000010110101100011110100101001011001000000011010011010000000011011011110001101011000001101110000101011101000100001011100001010000011
111111110111110110111110000100000100101110100100101001000010000000100000000001100111111110000100011100101000010011000010001001001010010101110001110010001010110000011000101010000010100001011101000101111101110001010010111101001
111101110111110010111111001000000010100100011101101001001001101001000100010011011111010000010000011000001001000110100011100111010110100001110101000001000101011100110110101110001100010001100011111111110101011010110000001001011
101111100111111101011010000010001000001011101000111000100111110010011000001100011011100100100100010011101011000000100001010110100000111001010101000010001000011010100101011010101011001101111010011001100000101100110110011100011
111011110010101101011000101000001010000010000111110001000000101010000110000001000110101000100011000100010010110100000001100001011101110011010000000001011010001110001000110101011100010000101001001110001100000000100000100111101
111011111111101011101101100010110000110111010001110001101010001100010101011111010010101010001001001001100011101010001010010101001001001010110001010001001101000000000011010000100101001110010011000100111111001010001001001110001
001011111111110110010000101011010011111111101100111000010111001000001001101001010100110101110000101000011000101011011111001010111000010010100000010011000110101000111110010110101000010001001010110011000010000010101010111000001
011111111111011010000010100001100110110010000100000101011000011101110100000100000110001111000001011010010010101001100100100110101010000100000011110110010010100100000100100100100100011101000000000101101111010110000100001011101
111111101011111010110001100101001001101010110001001110000011101010000111000110111101010110111110101011011100101000001000000000000100000110110110101110000111010000000100101000001100010100001101010010010010010110010001000101010
001011101011111111110001000100001110001001001000100010101000001101000100100000011111011001000011010000000010000001000011001110100001010110001011111000101110001001001001100110001010100111000000100100000110001110100000001011110
011001111111111011110111010000000100000110001101100001000010110110000001001111110111001000100001010000001010101010000000101101100000011100110100001101100100101001000000100000000011111010010111011010000010101111001101111100111
011101111101111111101100001111001100100101101000010000000000000110000011111100011010010100001001011100011000110110011100000010001000110100000101111110101001011100101101000100010010101000110011010010010100101100010100001101100
111111111111110110001100001010110100000000001001001000010000000001110011110000111000100100010000001000000010000100000000000100001000001100010101010000000010011000000010101010000000010001100010100001110000001010000111100111010
011110111111111110000100011011001001110101100000111000010101000000100110110100011000101101101010010110111000111000010100010011001110000010000001000010000010010110001100011011101010010001001101011100000001111011001101100110100
111111111101110111011001000111111100010010010001110000011100011000000000010000000001101010111000010010000000010010001010000001001100000110110100000101111011011101000101000101001000100000100010110000001001011011000100101000000
111110001111111100000110100000110000010101111010011000000110100100101000100100101011010101111110001101100000000100000001001000100111110110001000010000110100010001100010100010011100001011010011010000111010000000000101111000010
011111110101011111100100101111010101111110000001101010100101011000011101010100000011101000010001110110100010000000001110101110001100000011011001110010011100010010000000000011110010010010010000110000000110000100111001011001100
101111111101001110110010111100010000111000011001011010001000101000110000000000001101100000000100100000110110000011101000010111000011000000001011001001000000100001000100001011010110001001001011001011100100101000010101010011011
001110111111101110010000111000010001011110111001100000110101100001001101000001110011000100100000001100110110100001010110100110011000011011000010101100100100000010011000010101011000111000100010011101011010001100110100100011101
110111011101111110010000001111001110111000110010110000110000011000001100010110010001000000001100010011001001000101100011000100001001111100011010100001010110001000001110001000011111101100101010110110000001000000010110100000001
011011111111111111111010001011010000011100000111101110000110000001000010000001100101000000001111101001000001010000001001100100001100100011011010111000101000100111010011101010110001010000010110001111000100001100000100111010001
111010111111111100000010000011010110110011000000111010011000000110011011100001010000110000101110110001101000100000001100000110000010111000100000100000000000101101000000011100111010000010011011001011000001000100001100000001100
110110011111101100001100001110010001001000101101100010001101000011100000011001101110110100110010001001000110000000011010101011010100010100101000000000010000001001001101100000100000000000001100111010110011000100100011010111000
101010111111110100011000010001110000000000111011010000011100110000011001000100111011001001100001010100100100000001111000000111011100001101101001011011110010110101010011110001001100000010110111110000100100100010001101100010100
111111101111111110101000111011001110010100110100110001000001001000011101110100100010000011000010110100000101001100110011101001010011110110100001001001001011010100101001100101101100010110001100000000001010011011110111000010001
110111001011010110011001010110010111110101010001110110000100011000111001100111100010101010100100000011001010110001000000011000001000101011000000001101111101011000100001101001100100001001011101110110111101000000011010100110111
111001101111111110101000100101001101101101100000100100101110000111010001001100010000111010000000100001001001110110100000000010001111110011001000001110001000111100000101100110010000100000000100011010011101001101000001100001010
011011111001110110110101001100001000010001001001100001100100101001100001110010100010001110101000110100000010111000101100111111001001110010011000100100101010010000001110001011001001110000100000101110000000001001000110101011100
111111111011111000101000000100000010001010000010111101000010000000000011001100110000100000000000000000010111000010110001001000111000101000100000010001100011011001111001100010101110001100000010110011100100000111000110001011100
111111111111111110011111001101111101000101100011000110101101010001110010000000101000000100011000011001111010001010101110000000010100000000111010011010001100100111000011101010001111011000100000001000000001100010100001011001010
111111010011111110000100100101110010001001111100100100001000000101011000011011001000001010001110001100001001111011000011011001010101001111010011101010101000110010001000011000010101111001001010010110011110000011010010101001001
111111111010001011000001100101001011010000101001101100100110011000110010010010100100101000011101011100110011010110001100111000110011010101010010000111100000101100001101000111001100011110100001000111101000000101100001110110101
111010101111011110100010011101010110110000011100001000011000110101000000010001000010000001101000010101000101011000010000010001000101100011000110100101111000011110011000010100101001001111010011111000111011010100011101100000011
011111011111011110101101010001100011001000001000010101110000101111011000100011011010111000000001010100000110101011011111000011111110101100111001101000001010000011110000000110011101010000000110011101000111010010000110001010001
010111111100111111111111001100111100000000010101100000010100000111000010010101010110000101001001011000010010101011100010000101000001011000110011000000000100111110010101000110111101101001001111000010111100010000010000001000000
100011111011100001110110000011110111100101000011111000010110011011100111100000101111001011011010001001010101000100011101000100001000000001001100000100000010101100100011010010101100010010100101000001010010000101101110001101011
101000110111111110111011100110110111010010011110001000111100000111000000011000010100000111001000100100011010000000010110100010100111011001010100010011000000101000101100110000000000110000110011100000111010010011101000100100111
110110111111111110100000011000001100101101000000010010010110110001101100000010101010101100000110000001000001111001101010001010000100001101011111100000001111000010110000001100101110101100110001110111001100110100101010011010000
101011101011011110110001011101100111000011010110111011010000000001000101010010000111111001010110011111100000000110100010100010100100000010110010000100001100100001101001001000010000010001111111100100100010001100000111001010101
110111111010111011000100110001010101000110110100010010101111011100110110100000101110100001100011100011011110010010111000000001010010001000111101000010011000000001101111011001000000111010011100100001100101110110001110100100110
011111111111110010101001101100101010000100010100101101001101000111101010010101100100001100001000101000000011101000101001110100100010001000001010001010010000001011111001010110010001100000010001000100000010101001011000011011011
111011011001111110010000111011011110010010000110011010000010000000000110010010011001000000000110001001100000010001010101100011100110100010111110011000000111010100010011010010100011011110101110110100111000101000101110010010100
111011111110000110000101000000000101111000000101011011000010011000111110000000101000000010110111001110010010101000100110100100100100100110010010100110110011010110011011010000001110111100101010001100111011100001110000111001000
101111111111111110111010010100110110101100000000111101001001011000101010000111010010000101101100111001010001110011000011000100110000001001010001101000010000110000001110011000010100000101101000010001101010001000100000001100111
011111111111111110000100000101111001100011110001000001001100100001110001000011000010010000000111100110100010000101010010000111010000011101100011000101010000101000010000110001111010101010001101101011101111011000000111110001000
110111111111011100111110100010001111000110111100010100110101010011100010001100010000100100110000101101111111100010001010001011111000001101000000010001000001010101100011110101010111100001101010011100001011000000101010001011000
001111111111101011110010101000011010110010001100000000000100101001000001001000101110000000001011100001001011101100100101011001110000111100110000100010011100101010111001100001000110000010000111000101010110101010010010110010011
111001011011101110001100100010110101010100100010001011100111001011010000110010111011110001011101100100111010111100001110111100100010010111101101001101000100001000110111111001001100010011010110000000110100010001100000101000010
011101110010111010010000010001000001100101000100100101101100000000111110101011010110000001010001100100111000011110011000000101110111000001000110110011101010100011001100110000001001000111010100011011001010111110100101001000010
111010111111101011110010100110100100110001000110010010000001000001000001110000111000000010000001111001000001110010000001000001101101010011101000110110101111010100100101110110001000001000001001101100100101101000100011001011101
110010111111100001010000110000001000101010100000000010000100000001000111010100000010010100000000000100010000000001000101101010001011110000010110111101101001010100001001110010110110101111000010001010001111010011000011010000010
111111011101110010010010000011101000010000000000110011110011000000111001001001011110001100000011010100010001001101010000010000010010000001000110011000000110100010001000100011100010000100000101011000001101101001000011110010010
011011111110100110011000100000111110111000000111000100110100000110001100000010111111001111000000001110101110001110100101110000000110100011100100000110000101011011011000001101000111110010001001001101001100000000110111011001101
110111111110111100001100111001100001100101000100000010000011010010101100010101101000101101110011000010111001010100101000001101010001011111000011110100001101010000111001011000000001010010010000001000000001101001000010111101010
111111111111110111110010010000000010001000101110000111001000101110001011000001101111011000011000110111001000010010010011101000100111000100010000001001101011000011101000001001011100101110000010010110100101111001110000000000000
111111111110010110111011100010101100010101001000010100011000100010101000010000001110000101000000101000100110000100010000010100010011100100001100001101100000000101110001111000000010101001001010111111001100011010001101110000100
111111011111101110000000101000001101101000011000001011001000011011001110011010110011100100001010001000010011010001001000100111001001001001111111101110001100010101000110000110000110001101100100101000101000100010000000110000000
110110111010111001110110110100100000110100011010001110100000110001000001000001111001001010000000100011110100010000000001101110110110111101111001000100100110011101101010010110100010000010000000001101111000100001101001111000011
001110111111101111000100101010101000100011000000001111000000001100000101100101100011100010000100000010011000101000001001010110011001111001001010010000010010010101000101000000000001001001110001010111000000011110101010000101111
111110011111110101011010111000100110000000011011111110000010110000011000000100010100001101001010100000011110100101111000010010100000000000101010001010000000011001101000010100000111100000011100100010001101000000111001101100000
101111111111011111110100000011010001110000101011100000110111110001110111101010110010100000001100101000000011001000111100100000110000000001000100101000100000111100000110100011011000010001000000000000110010101010110111001110101
111011111111111100011101001011000001001101000000110100100000110010110000110111110000000100101100110000000001000010111000001010010001110100000001000001111000011111010101000010111011011000000000011100001001110000010010101100000
111101011111101110010100000110000110010101100101010101100010100100011001010000110010101100010101011001000000001001010101101101010010111010000100000100001100100011011011011100101011111110010101101100100111100001000000010010000
111111011111111010001010111010000010100110100101011001010000000101110010101010010100100001101000001000101101000001001000110100000111010010000110110111000111100001001001011001001010110100100010011001001000000000000100001111000
111111110010011110000010000010111000001101100010000100100001111110101001100100001010010010000010001111000100011110010001010111100000100100001000100000110010001010100110010010010000000100111001001111011100000010001011110010000
111110111110111110101010101010011000110110001000000000010110101110000000000001010100001000100100101011101010010001010100001000100010010110000000001001000011010001100000111001111001100110100000001010011000000010011000100000011
111111111111111010000010101111110100011100010100111100111010111011111101000100111110011100111001111111110001100100101010101001101001111101011111100100001000010100101001000101010100100001000101100101000011110100000100011000000
101111110110011110101001000111001011000001010100010010001110001000101001010111001100101011001101000000010100011000000000001011101100100011011010000010011000111010010111010000011011100110000111100100010110100001010101000101100
101111111111111110001001100101000000110101000001010010001111010001010101110000110000001110011111011100100101010110001000101010001010100101000011000001010010000010100000011010100010000100000110011110001010100010101010010100100
111011111101101110000010111000101100010010001100111100100101000011000010010100100110101100010010100000011100001101001100001000010110011100010100000010001000000111000101111010010000011100110011111000110110011000010001011100010
011111111111111100000110000010101100100000000000011100010100000100001011011000000110011111000000110101001101010010011101100100010000001000000111100011010000110101110011010001011011000110000011101001011110010001111101010100001
110110101000111111000010100000001100000000111001010000101011100101011001101000101101001111010011101000100010010000101100100111011000101000101000001001000100011000001101010100000000100100101001011100100010011100001101010000000
111010111101101110000101010001111001011100100011000111000000000110100000000000000110100100000100000101011000111100010000001011101010000011010010000011101000011000011101010000101000001001011100001011011000000010010100011001110
110111110111011111110000101101001000100000010000101111001111011100010001100101010010110010001001000000011001010000000101000001100100000000101000000010001100000011100001011000001101111000010000100010110100000110110100111001011
011110111111111111001110000110100000011110000111100100101001010000000110100100010100001111000011001011011001001001000001001001100100000000100011100101011111110100001101001000100001101100110000010011010011000001010001011011010
111111111111101110000010001000000010111000101000011001011000100100010110001001111001101000011000011000100101101001001010000101000111110010101001111110001010011000100101001001010101010110110011000100010110000011100000110110010
111101011110111110010000011100011001000000000000101110000000000100101001100000100110010010001011101101111100100000010111110000001100000011000100111011100110110000001010100001011100001100011100000011000000001101000101110100100
111111111111011110010110100100010000100001000111001010011000111011011001000100000000001000101001010101000000010000000010001111000000110101000111010101110000101110010110010000000010000111110011011000001101110010100010000000000
111101111111000110110011101010011000110001000110001000101110110001101000000011010001010011101010001110011101111000010101110010100100001011010010000011100010000000100111011010110001000001011010000000000111010111100101010010100
011111111100111110001010111010101010110000010110100101001001111010101100010101000111000000100010010010100010110111111000001100010010000010011001101101001000101001010100111010100101001010110100101100101000010111010011100111110
111111110110110100101011010111000001100000110010010101000100001011000010111011000111100010101001000010101010010010011000001011001101101100011110100001001011010000000010001100110001001101011011100010101011101110001000000111010
010110111110111110100000010001100000101111001100000001100111010100100000010000001011000110101110111000000010000100100001000010101001001000001101110011100101000001101010000111101110000100010000011010010100000010011101100111010
011101111101111111001001000000101101100000010101000000000101000100011010110010100001001110101101001110011100100010011011000010110100101000000000000000100101000010110011101010001110001011100101110001010001101001101011110110101
101110011101111110000010011011101010000110000101111100100001111110101101000010010110001000101100000011100010110100010000100001110110010110001011110100010011000100110100000010001000101110000010101110100110010000110101010000011
111011111111011101001001100101001000000100000011111100101011010000100100001000010000101110101000100001101010011001100110010101101001110100001101000100001011000111111001100010000101110001010000110001101010000011100100100000000
011111101111101000011000100010001010011110101001000000101001100000000101100101100101101011000110100011010001001101110111001010011010011010000111110101010101000010100001100111000001000011101100010010000011011101000100000000100
111111011110110100010111101100100010110001111001111010000111001010110100101100000010101111000000011101101000010100011000010001010110010110000111011001101111100010000001001000010000010001000011100010010001001011000100011010010
111111110111110111100000110000001000000000000100101101001101000011000110000000011101011100101101110011101001110100001010110000101101001100011010000100010010110100011010110011011000000110101001000111110000000000000101011010000
011111011110111111111000000110110000011000100010100100010011001001100111110110001100000000010100100010110010111000000110010001110000000001001110100011000010011001101011110100100110000000000010010000000110011111000001000110101
111111111111111110001000001100100100011101110000000010001101010000000101100001110010010101011011110000100110111101111101000110010010000100001110100011000110010101100010100000001010111000101011010000100000100001000000110011011
111110111110011111000111001000101110001101001111100110001001000011100111111010010100000110101010000110001100000101110001110000100000011100100000010101111010100100010000110001000000100110001010000011100010000101110011010010011
101101111111111111100111110110011000100000100010000000100001100001010000010100000001110000100001001010010000101101110101011010010100000010101110101000011001100110110000111010000000110100100001011101110110000101001110001000100
111111101011010110001000010010101001100000001010000100101001010010100010001101001010010010110011001100011010010100101010000101101100001000110010110000100101000100100000110000101101100000101010100010001011001111010010000100000
101101111110111111010011011011000110001001010110101100000011010110000001001110101010000100011000101101011010100000000100000100110000101001010001010011100010011000001110101011101000000010110011100110000001010110111000100010100
000111101100111110101101101000111100000111001011110000001011001000100110001000000000000100011011000110001101100000001001101010010010010111000111000011110111000010011010011110101111010000010110010100010011010001100100010000111
111101111011011110000001010010100001000101101001000001000000011110010010100000000001000011000110111010110110100111001110110101101010011001000011110100100000100100101101000100000100010000000010000101100110010111001010010000111
111111110001101010010111100010011101000010100100101101000011110101011110001000001000100010010101100100101110010000110011100010011111111000110010110101000010001110110010000000001010000101100000011001010000000011001100100100101
101000111111101110101100011100010001100100111100011001010000010001110001000000001100010110000011100000011100000000011101000000101111011000111000011100110000001000000100101101010010000100000101010000001001111001000001010001010
111011111111111111001110000101101101001001101011010110011011001100010110100101111110100000101000001100001010000101000101001010000100001101000000100010000111000000110101100100001001001010001001101001000000000100010010100001101
010011111110111110000010101011100100110101010100011110010000010000000001101101011110110101010001000000010000001010001000000011001101001000001100011010001100000010111000100010010000000101110111000011111001010011110101110101110
111111111101111011000010100001001000010110010110111000010011001100000101000001010000010111010000010101100011100100011000110101000011111011000000000100111010011100000000000110000010001111100011010000000011100001010001001010100
111111110111111010000011010010100000010001101011110011011011110011000000000011100000010100110110100000100001101011000000100100100101000000011000100100010110011101000010001000000000110001010000010101011110000000000001110111001
111101111111111110000010000000010100110001101010010101011100011001000000110100100011001110101110010010001010011010100100011000001110100100010101000010001111001110010100110010001001010100000010000011001010001111000001010101001
111111111111001100100000001001000111000110001000101010110110110000011100011000010010001000010100001001011010010110011100001001001011100000001010110011001001011001110100001110010000001010010010111011001111010101110100100000001
011110101011111100011000100000101010001011000001100000111000111000110000010010000001110000010000011110000000001101010100110000000101010100001000000000000000010010010101100100111001011000010100000011100110100000101011100111110
110111011111111110001100010100110100100001100000000001100110111000000001011001101010101101001001110110011101100001111010100111111000000100000010101000000110101001110110100011111111110110000100101100101011101011001110000110101
000111101101101110010110101000000111000000100101100000101011101010011100001110100000000001010100010000000010010011010111000000101000001011101110110110001000110001001101101001011011100001001001000010001011010000110010010100010
110111111111100010100010100000100011110000101010110100000010001001111011000100000110010000101010010101001001011000011000110001111010100110001000000011101000000100100101000000001000001011101100100100101011000110111010101000000
011011111011111110010001011010010000001011111100001100000011000110101010000010110100010011000110000100010111000100010100001000101001001000111111010101001001000101000101100111110001111000011110001100000000001110010001110001001
111011101110110110010001000111011000000000100011101000000000001001000000111110101000010101101100001000000010010111110110101000111100111011001111000000100000000110011001010001001011001000011101011001100110001000110010101110100
100101001100110110100101100110010000100100011110000110100000110000010011001001001000101010000010000000001000111001101001000101111101110101001001110100011001110010011011001101010101100000001000110100101001110100000101000100110
101011001111011110001100110101111111100001000101000011101100011100010100100000011011000000001100100001100000001001000110011101010000010100100000000111000100110001111000110101001010011000000111001110101110000100000100100101010
111111111111101111101111110000100011011000011010001011001010010111100000011011010000000011100011001101010100001101100010001000101000000010000111110010000010100010001100001000001100011000100011000000100010101100110001100100101
110111111111111101010001011100010100101001001000110011100000100100100010100001010011110111011110100000001001101010010010011110111101100010000110101001001001101001000000000010100000001000100101010001000011000100100000101001000
001111111110011111101101000010100101101110101000101001011010000001101000101010010100100100001011000100000000110111111100010010010000101101001000010101111100110010101000000001001111100000001010011010000110011000011110000001111
110011111111111110110000010101000100001011001011000011100010101000010000000000101100010010011000011100010101010000110011110000111011001000101000001101110000100100011000000101111101001110101111100000001110010100000011000000011
110011110111011111010000100011010011000100001001110011101101010000111000110000100001000000010010000000110101010101001001100001001110111010001000000000100000010000101001110001001101000111110101110100101111000001100001110001101
111111011101110011011100100000010101110101101010010100000010000000001001110000000001011011101101000100011101001000101011101001110001001010100000001001001110000111000011100001010000010000010101011000110110111000001011101000000
011111111011001110100110011010000110000100011010001100110000110110001000011000011001000101000000010000010000000110100101100011001110001001100101110001000111100001001000111010110111101100111111100000110000111111011110111001110
111111101110101111001001000000100001101000000100010111011101111110100110101010011001111011100100110111101010110100101010100100001111110010111101000110011010011010110010000010011000110101001111101011110011001000011100101000111
110111101111111111001101010001100000111111101011110110100110010001000110010000100010100101000100111001110000100001010001011100100001011111010001011000100011000100001001101011010000111000111000101100101100010011111000101110001
111111111111111110110010100110000001100101010000001110100000001011010001000001101000100100110000000001000011100100101000101100010010001000010010010101101010001100111100011000001111100001100010010100111011001101001101011011000
111110011010111100001000100101100000000010000010111000001000010101101100010001011101010101000001000000101101110110011100100101100000001001011100110000010000111100001111001000001100110010110100100000010100001001110011000100011
111001111111111111011001010110100100001010000100011001111100010000001000110010110000000010110000011000111100000001011000001101010000100000101010101110000111111111000010011110011111110000100100011101110000001000101001000100000
100111111011111110001010010000001000100100100010100111111001000011101010000100010100001000000000000011100000000101010000001000010101010001101000110010001010001100110000100010010110000101100010001100100011100000111011111100010
011111111111111101011100001101110000001000101101001000010100100000001010001100000111100000000000001000011110010111100000001111000001000101000000110001100100010000110000111001011100011001110010101100011001001001001010100000010
111110111111111100100101101000101110111111000100111000110010100010011000111100010000110010101010000111100101001000100001000110110011000010110111001000110011011100101101100100100111110010001010001011010010110001101101100001110
101111000111101111011101110010100000110000110010001100000101001100000110110011000110111100100110001000010011000001110000100001101111001010001001100010111000000001011100010110010100000111001100001000000011010100001101010000101
010001011101011111100011010011101011101000011000100000000110101000001011001011100001001001001001001100000101010011100000001100000000011010101100110010011000100111100001001000010110011000100001110000000001100000111000010100001
111111111001110100100110101111100100101000010000111001010111010110101100000100100100001110100111001001101100100110000111100000100011011001001111010101001101101011010010000001100001000101001001001010001000101000100000101101101
110111011011111111010000000000100001111010000100000000100010010011101100000011001000101100000101011000101000111110000101100001010000001110000010101101110000001100000101100000000101100101001000010000010011001001011100100110001
011110000111010010011011010010001000011100001100100100100101000000101111111100100111100000010100011011001000101001110001110100110001100000111110101101010110111000000010001000000010010101010010100010100110110001100110100010001
111010111111111110101001110010100110000100101011111000011101010111001000010001000000100111110100110011011101101100000001010100011110011010001110010010010101110101010111101100101011001000101001100001111111011000100000110100100
010110101110010110010001000101010110001011001001000010011011111001010011011111100001110001010100000111000100010110111000010100110000101100000001000010000000110001000001000010110011010000100000101011000101001011011001110101001
101111110111011010100111001010100100010110111110000001010101000001110100111001100000100100100100001100000011010010100000010000000111001010010111000010100111011000000000001010000100110001100110000000100100111100000100011001010
110101011101110100000011110010010010001000001001001000001001010000101010001000011001000100100011000000100101000101110010011110001010110000100011101100000101100000001000000000000010001001110100000110011001000001000011011001101
111101011111111110000100010010101110011001000101101001001000110110010000010001000100101011011110000101000101011001100011000111000100111100101111010010000101010110010101100010100101000000010011010010011010000110000001111001010
111001111111111110100000000000000000000110001010000000000010000001011000000011001000011010111010111001001000000000000001000000001100010000100011000000100010010100000010011010001001000110010000101011101100101110110000001010001
110111111011111110100000100000100000000001010010010001111000000101111100100010001100100010011100001001000000110000101011000001001101110010001101001010001011100001000100011011001000000100110100100010000011000110101100000111001
110110111111101101010110001000101000100100001111000100010011010011001010101001000100010100100101101111000011010010000111110010111010011110000001010101000110011001011111011000110100110100001110100000100001010011010000100001110
101111111101010110001010100101111100101010110010011001000100011011000011011111010000100101000111111000000001011011000111000010110010101000100110101001000000100100100011000010100000000000011010011010010010110001000111001111011
111111101111011111100101111110000010101101110001011101111101110001000101000100101000111001010100010101011100000110001000000111101100000000101000010010000001100001100100001001100000001000001000001111000100101110000011010100000
110100111011111011001101000000110000011001101000110011111011111010100000100100010110001111110110010000110000011101000000110001111110000101100100000100110001001001110001010010010001100010100001100000010011101010100001000111010
111101110110011110111010011001000001110100001010100100111101100000010001000000000011000000110011000001001101101010111010010011100111000101010100010100000110000001110110000000111000001000011000000000100101000101110000100100010
011001111111111011001000110101001000100100001111100000111000011111000001010111100001001001010011010011100001110010001101011101110001100001101010000111111101000001001000111100100110100000000000001011010110110000000101101010011
111110111111111111100000110000010001110101110110010001000111100101100000110010101000000101000010000010101010100001101010000010000110001001010001001000100110100100101101001001100111001000010100110110001101000000101110011110010
011110101010101111011000110110011001110110010011100100110010100011001000110000000000010011000001001111010001001010101100000000111011100011000010101100011111110010010111111111010011011001010001010000111010110101110110010001100
111101110111111111010000000110000010001100000100010100000111111001111101000011100010100001000100111001101111011011111101000000110110001101100000000000010000000111001100110000100000010110000100111100110110000111100001011101111
011111111101111110000000000000001001000001010100100110011101100000011110101010011010011000111000010000101011100010110010010001010100000101110001101010100111010101110001101001011001000010110000010011000000001000001110110100101
111111111111111111100100110101101000100100010000011000001011100100110010011000110001001000100011101000001000000001011011010110110000100111000000010001010100100010100110100110100001001001010000010011001110000100001000000000010
101101110111111111111001001001000110010000011001000100010100101100010010111110111100111110101001001011110011000010100000000111110101000110001100100011011000111000000011011010100010011111010000001110000001001001000000010100111
111111110111111100010000101101000011011101110000110101101010110101000101001100101011101001010101111011100000001100000111110100001110001001001100111000000001101100110011101111100111000110000110100010000101010010110000001001100
110111110011111110101001001001011101010000111000001110000100000001100000010001001011001100101110000110011100001110100000001100100010110110100010100100011111000001000110100110110100001100010001011011010100111010000100000011000
101101011111111101001010000010010100010111100010110111100100110001100100100000000000010010001110010000010000100100000111010110011100101001111001111011110100110110001110100000011100101001100100000101000000001001010000001111101
110111111011011110011111101111101100100100010000000000110010101000011010100101000100110100101101000011101100100111000001001000110011000100000010001101000100000100110001101110011000101101001011110100100100101000101001101000001
110101110101111110001100011101101000100011011110000000010000100011001000100111100010100010010110100000000101011110000000001011001100110100001010000010110011010000110000001111011001010010101010010000011000110000001111000001001
010111111111111100010100010100000011101000001000110001000011000010110000000010001001110011000100011101011111001011010001000100100100101000110000001001001100111101100000100100010000010101010110000101100100001000100001011011001
011110111101111111000011000001001001101100110000101001010001000100101110101110010100011000001001110101000100010111000011111000101100000101010101110010001000010001010010001010100001110000001100011100100110111101001011110000011
111111111111111100011000100011000000010001011101101000011010011010111100111000001010100000101100000110000001100110111010010011100100001101010010001100000110110100000100100100010100111101010001110010001011011111000111000000100
111111111011100110011001010000100011010100010011011010011011110000001000000011100111111001110101001111110011110111000010110111010110001011100100100110000100100100010101100101100001000110011100000010100010010100100010010000100
111101011001011110000100110000010000000111100001011010000101011000100001010010000000000100000110001111110011011100100001001000000111010010010010010111100000111110001011100001000101000101101001000000000000101101000111011000001
111011111101110110111010111010110000101001101000001100100100011011001110001100000110100001000110100000001000000101100010010100001001001010011000100100001111000000010010111101001000110010111001001011100000100101011000010110000
101111101111110011010000001010110010010110010000110011011010000010001000110000100010100000111100000100011101100001101011010111011000010010001000110000011100001001101000010011000000100010100010001110100100000001001011111001110
111111111010101010101001110000000000011001000100101000010001000001110001111000100000011001101010001000011001001100011000100010011010100100001100011000101100100001001011010100000111101010010001110011100100100001101011000101111
111111110111110100101110000010000010100000110110010011011001010001000101100001101110010001011000001011000001011000010101001110010011111010000101011001000001011011000110001001000000000000000110010000001000001000100100011010100
111101111111101010000010000000101111000100110011000010000000101010110110010110000111000100011000100010011111010111000000000000111001111010110111110100001000000000010000110101100100110000101010010110000100100010010010011100100
110001101111110111111011001001100000011110110101110011100001011100100001011001010101000010010000110111000000011000001000011000010100000000010101101000100011001100011011011000100101100110101001000000001100000110000001110001101
111111100011110010111110100010010111100001100001100000001011001100101000100100110110001101100000000101001011010010010011110100000100110010000011010011100001100101000000110010001011010010101100000001000001000000110110100110000
101110111111011110111110001111001111010001110001000000111000000011000111000100000001100101000011011001001101011011101111001000001100011111000110101001011111100111001111001100100000001000010110000110000100001100100001110001111
111111111111110111110100000010110111000111100011110000101000101001100111010100101101010001011000001100011101011101110100011100011011001100110101100000000001011010000001100000001110100001000100110100000001011010001000110111101
100001110011110110011100010010000001111101010101001001010101011000011010111110000000001110110110011001100001011001100010001100100001001001011001000100001001101100100011101111100100111001001000000110110110000101001000100010110
101111111110001111011110100010001011100010101010010100100110101010001100100100101001010000000111011001110100000000111010011110000010100011001000101101111001000101000011010001001011010100001110010000001110110100000100010001001
001111111101111110010001111101010000101001000001000010000000001000101100001010000110101101011101010010100100011010010010011001000101001101010001000101111100000000100011100110010011011101100100010000000011010010110100111000110
111111111011110110011011100011100000010101011100010000110000101000010100010010010001010111001011100011001011000100001111010101010001101000111101110101000010101110011000110011111100010100000000001100001010111011001000011100100
111111111111111011111010000101100000101000000100000001101101000100110110000010100000011110000100010000100011000100010101011000111010010100001010010000110100000000111100000010100110101110000010100000111110000111000100010011010
110111111111101110000000001010110001100000001010100110010001010001011110000110101110100000010001000100001101000100100111000010010100001101110000100111000110111101110000000100001010011000000110110000100101000000100010101010001
111101010111111011011100000010101110001001010110111001110100100001100000110010100100100100110010000011000001000001000000000001000101100000101001010000100100001000001000010101100110000000010001110101011001000000000010000110010
010111111110101111000001111101101111100100001100111101000010110010110000000001000001100011011001101110011010001000100000100100110101000001100001010110011110001110001111101100101110001010010000010001011010100010100111101000100
001110111011110111011000111110010001100000110011000110001011000011100100000010000000010000000000100010001000111111010000001110010000010100110111001011101000101111110001010010010101001011010010111011110111111010000001010011010
111110111110010110100101101001000100101010101000100000000111101000010001001010110000000001110000100001111100010001000100011001011111000110010100101010000010111010010110000010000000101011100000100001000010100100100110101010111
011111101001101110110000100001010010001010100001000000100110001000101111000010000001100000000100000110110100010100111000000101110101101010000100110001010100110100001011001101111110000001000111010101100100010010000100110000110
101111111101111010110000001101001010001111101111000000110011100001110111010011000000001001000101000010100110101110100010000000100010000001110101011100001000110001100000001001111001010001010000000001100000010000101001001000100
111111111100111011100111000111001000111100001011000001100100001010010000011000011100110100110110000010011000101000000101111011001000101100100001111101010110001100000100100001000110100101000100010110010101101001100101110001011
111110111111100110001101001110100000000011010010010101011001001011000010100111011001000100000011010101010010100001111000010111001000000000010110100000010010010101000010110001111101000001101101011011011101100001010100001001001
111111111010011100010111001011100101000000000010110010000110010011101100101100110101101111110010010110011111000010010111000101010001000101010010100001100011001000111010000000101000000100111010100011100110000100101001000000000
