0111101110111110111110100010111101111111101011101111110111111110111111111011111011111111111011111111
1011111111111110011101111110111101111111011011011111100101011111111101111101111111111111101011011110
1101111011110111111111111111111111111000010011011111110111011111001111101111111110111000111111110111
1110101111111011111111111011111111111111111001110111001110111111111111100010110111111001111011101110
1011011011111101111011111010010111111101111111111111101110111111101011111111111111110111111111011111
1111100111110111101101101011111010010111111111011010111011101011010000001111111111110011111110111111
1111110111110110011100111101101010111111111111011011111110010011101001111111101111110111101111001111
1101111011011111101111101111001111010111111110111101111010110110111111110111001111111110101111111111
1011111100101001111111110111100111111010110011001111111111111111001110111111001101110111101111111011
1111110110111110111111111101011101111111111011111010111110111111110111110010100101111111111111111100
0110111111011111111101111111110111111101111111101101110111101010101111111011110110101011110111111111
1011100011101011011110111111001010111111111101111111011111111111111101111111111110101111111110011111
1110110111110111111111111010111100111100111100100111111111101111111101111101110111111111101011111111
0111111111110011110110101011111110111101110110111011111111011111011111011101011111000111011101000111
1111011011001001111101000001111111111111011011110111111111111101110110111111011111110111110011111101
1101011111111110111111111100011001111111011111111110111001111111111110111011101111111011111110011101
1111111111111011011111111010111110111110110101001111111101011011111111101110110111111111100111011111
1111111111110101100010110011110101110111110000100100000000011010100011000000110101011111100000000110
1111101111100111010110111001111000110110010000001000111101100011110101100001000100100100100001100010
1111111111110101101010001010101111000000100000100000011101000011000000000000101010100010011000100010
1110110111011111101101001010000011011000010110101000110010100001110010001001100011100101000111010101
1111001111111111110100000100001100100110000000100001000110111110001001110000000100101001000001001010
1011111111011110010000000011000100100000001101111000011000110100000101000110100110001100111011100000
1110011111111111100110101000011010000011000111011000101101110010011010010111000000010111100111010010
1110111100011101110100110001111100110101010000000000100100001011101010001000001110010010110101101110
0101011111001111101000111011110011010001100110001011000000011110011101000111000001000000100000011000
0111111011111110101001011100000110101010110110000110100101001010111001111110100111100000000101001001
1111111111101100101111000010101111000000000000100110100000110001110101001010110000010100010001000001
1110011111111110110010001100001000011000111010011001001100000000001110110001000100000000101110000000
1111111111111111111011010111101000001110100000001010000111101110100000001000010111011101000001000111
1010111100101111111010000001000101110101001001000010100000011110000001100000101011001101110000111100
0111011101111101101000000110000011000100101001001100000100011110000010110010000000011010011001110110
1101111111111111100101001011000100000010100010010101101001000100011011100010110011000011101100101001
1111111111100000100010111101101100011000000101000011010110100000110100000000010000000101000100100010
0111011011101101110000011001100101010001000001001101000110011100000010000010010000011000010011001001
1111100111101011100100100100100010000000000001000111011110000000100000001100011000110111110101110010
1011010111111011111000000000111010000111001011111000000111001000010010001100001110000101001110010000
1111101110011111101001100010100000110010110100100000000010010110010000110101001001000111110001000110
0111111101101101100110000100110001001001010001011000111010010000010010010010001101101100101001111110
0111011101111011111001101001000001100110100110111010110011110001001001110000111111011000000011100000
0110111110100111110101101100001000100001011010010001101001010101000001000000101101001011110110000000
1101101101110111110101010011000100010001001101111010001010001000010110000011100000000101100100010100
1111111101111111101000100011110011111111100010110001000010000111001100010001101000101000011000110110
1110110011111101111100100110101100011000001011010001000000001000000100000001010011001010000110101010
1111101110111011111000000111001001011110000001000101010100110001001101000011100001011101000000110010
1111001111111111100001001000000000110000111010100001101100100001000100000111100010000000000001001000
1111111111101101100001001010100111010000000010011000010001110011100101101100111000101110001100010000
1111011011111110111010000100010000010001000011001101000100110101000001011010001000001110010001001100
0011111001101110110001100101011110101000111001100001101001001010100100000111001010000010110111011011
1111110011111111101001010001100010011000100000101011010010000001001011001010110001000000001100011010
1111100111100111111000010010100010101000010010010001111000000010011000000010001111000000110110011110
1111001010110111010000100010111010100000000011001000000111000100101011000011000010001000010101111011
1110111010101111100001000000011010110000100001010000000100101111100010101100100001111011001000001010
0111001110111101000001000010010000100111100000011000100000111100000001000010111000010010100110100100
1111101111111110110010101101000010010110111111101011010110111101010011001100110111010000001100001110
1111110110111111101001000010010101110010101001001010000001111000010101011001001000101110010000100110
1111111111111011111111010101100111000000100001001010011000001010100100001011110001000100100100111001
1111011111010101000001011101010001011101000001101010011000111100010000011110101000011100001100110100
1110111111111111110000110000001111111000000111110000010001010000010011110010000011000010001100101101
1011001011011001100001101100000010000111111010010001101101000010001000100000000000100010010111011001
1101111011101010110011010000101001110111110111100110100110010011110100010110010011001011001011001100
1110011111110111111011011011100111011011010011010000100011101010100110000010000100000000000010100100
1101110110100111101001010100001101010001011011011100001101101000010001110001111001001111000100010000
1111110111101111101100100101010001001011001101010010110001001110010000010101000110000010101100000000
0111111111111111111110000110101010100001110011000001100011100010001011010101001111000111101001010010
1011110110101111101000001110011000000101101011101101101001001101101000100110101010000000000110110100
1111111101111110100000010100110000001010000110101111010110001000100011000011010100110010011000101101
1111101111011110000000000100010111110000011000110100110101010110000010100000010111000010100010110101
1111111011010111110100010000100010000000011110100010000111010110110100010100000001000001100110001010
0111011111011111100101001100000001110010000010110110000001000000110010100101000001010001101011001001
1111011111001111101001100101011011110000000000110101000001010100011100000101101110101111110111111100
0011111011101111110011010011000011100100001100000101001010100011001011001010100000110000000101010000
1011011110111111100011111011001100111010010101000100010101110010101111100000000000011110010111110000
1111101111111100111100001000111111010001000110001010000001000100010111100010101000000111100001000001
0010101111111111101000010110101011110001001100100110000010011111011100101101111000101011100011010100
1011011110111011110001100000011010100111101001010001111101110000101000111000101000011101010000000100
1101111101111101111110100111010000101001000101010000000000101110000010000111000100010110101100010100
1110111111010110101101010010011000001000001001101011011000010011000111010101000010011100100000001000
1111101111010011001100010010010110001010101101000010001000010010000001010100010101100110011000000100
1001111111111111101011011001101110110000001000000011110111010000001000101000000010011011101011100011
1111111111111111000110000010011000000101000110110000010001101001010000001110011100101100101110101001
1011111111111111111100100001000000111100111011000100101000100001101100010110110010110111100000001010
1111111011100101100000110000100100100101100100000000000000011000011010101010000010001000110110010000
1111101111101111101000100000011100110000001111000011000111000000000001110101100101000000010010111010
1110111011111110100010100001101010100110000011111010010110010000100000011101001000010100110100001000
1111010110111101101011001000011010100000000001000010000001110111100001001101000010110010111010000101
1111110111110000111000101110000101001011001000001000101010001010001011110011100010100101110111010100
1011011111001111100011011011000001011011000001011100001010011100010100101011000001100110100001010011
1110101111110111111000100100111101011100110000010111010001000111010111010010101000110011001010000110
1101011101011110100010001011011001001100011000101110000000100101100000100010000011000000101101100111
1111101111111111100000011100100111100000001111010100110100000110101101010000100001000010010000010010
1110111110111111100010101010100011011111000100011101111100001111010010110100000111011000111000101110
1110111001111011111000000100101000010100100010000000110111101001000010101100100101101010110000101101
1011110110111101111000100101010011100000010001000010100000101001101010000011001000111000000100110010
0100111110111111101010101110000010001000100011000100110000100101001000100000101111110110110000011010
1110111110111111110100010001110101101101001001000000011100001011000000010101000001000001110000000001
1111111111001110001101101000110100110110010001000000011100000000100101000011000000011100100111000011
0111110110111110100001011011000100101000001100010100001010010100110000111010010000000110010001001010
0110011111111111110000100010011010101101000001000001111010100101100001110101000001011010000000001000
1101110111011100111100011001010011000110000000111000011000011001101100000101000010001100101011010000
