01111111110111101101111111111111111111111111111111
10111011111011010110111100111011100011110111110110
11010111110110111110011011111111111111111111101111
11101111111101011111001111111101101101011111111100
11110110111111100011010111111111011011111011111011
11011000111111111111011011111111111101001001111111
01111101100110101011111010111100111111111011001101
11110110111111110111101111111110000111011011111100
11111111011100110111011111110111111011111111001111
10111111101111101111111111110111100111111111111011
10110110010110100011011111011111111111110111011111
01111111110010111111110111011101111111111110111111
11111010111100111111111110101111111110100110111011
11011011011100111111110111110011110111111111111100
10101101111111011111110011011111011111101111110111
11110011010111101111110111111111110110111111101001
11111010111111110111110111111111111110111111011111
11011111110111011010011000001010100001101001010000
11011111011110111101001000110010000000110010000111
11111111101111111000111111011000100010000011101110
11011011010011111100000010100111000001001001011110
10111111011110111010000000011100010101100100101101
11111111110011101001100100000010011000000110011100
11101111110011011000111010000011000000011101111100
01111111110101111100011100001001000010001100001001
11110111101111111010001100100000001011010000000010
11111101111111110001110100010100111110100001011001
11101110101111111110100011100000010011011001000111
11011111101111011001001011100001000110010000011110
11111110111101110001001011101010000100101100011110
10111111111111010010001101010100010010010010010000
10101111111111101101010000110010101001111000010001
11111111110111000010001101111111011101010010010010
01011110111111110000110100001100100010010011000110
11111111111111110011000111110001000001000000000000
11011110110101111000000000100011100010000100011101
10101110010101010101010001100100111101010010011011
10101111011111011111011001000111111110100100010100
10111011111101111100110001000110001000000001000101
10110011011111000000001010000101001100001000011100
01010010011111101000011010010000100000000010100110
11111011011111111100010111100111001010100010001100
11111101111111101110001000110101100010000001001000
11110111110111101101101010010000011110010100010001
11011011111001111100000011000110101100110111010001
10111111001111010000011010110100001001000101000010
11110111010110110011010100000101000110100100100100
11100111111111111101111000010010110100011100111000
11101101001111111000011000000101001100010010000100
00111111111111001001000000010111100000011100110000
