01101111111111111111111101101101111110010111011111111010011111111111101100110111010111111111111111111111111110111111111001111101110101011111011110111111111111011111110100111111110111111101111101111111
10111011110101111101111011111001101110010111101111111111111101010111011111110111110011110111111110100110111001001011111111011111111101101111111111011110101111111111111111000111100110111111010111110110
11001101100011111011111111101011111111111011010101111111111111010101101111111111111010111111111111111111011110011111110111111011011010011111111011111011111111011110110101011101111111110011111111111111
11101111100111011111111101111111111111111111110111111111011111001111100111111011110111110111110111111111111111011101111101101001111111111111011111111111101101110110011111010111011101110111110101010111
11110101111010111111111111111111111101100101101111111101111111111111111111111111111101111111110110111111001001011111101101111011101111111111111010111101111111111001111111111110111110101111111100100111
11011000111111111101100111011111110110111111111110111110001111111111110110111111110011111111111111111111111101111111111100011101110010111111111111011111011111011111111011111011111011111111010111101110
11111100100101011111110110111111011101011111001110111010111111111101111110101110101111111110111000011111011111111101011111011111110101000111101110100001000110111111111111110111111111011111011111111111
00110110101101111111101111111111111011011001001010111101111100111111111111101011001111000111011101010111111111101111111010111111011111111110111110101001011001111111111001010110111111011010111111111111
11111110011111111011101111111111111101111111110011011011111110011111111101101011101111011011101111111011011111111100111101111111111111101111110111110111111110111111111111111011101111111111111111111111
11011100100111111111101111101111011111011011111011111111111111111110101011111110110100111111100001111111111110110101111101111111111111111111111111111111101111111111111001111011111111101101011001101101
01110111100101110111111110111101111011110111111111011110011011111111011111110110110111011101111111011110111101011110101111111111111010110011101101111011111001111110011111110111111111111111111101011111
11100111011011101111111011111010111111010011011111111111011011011110111110110100100111111110111000100110010000111110101100110111101011111010011101111111111011011101111111110110111111111001001110111111
10111111001000101111111010011101100101111111011111111111101111111010111110111111111011101110111111110111110110011111111101111111111001111111110010111011110111110110110111111111111111111111111100001101
11111111110110101111001011111111111110101111110111101111011100111110111100111110111011101111101110011110111111111101011111111111001101111111111101110110111111101101111101111101111111101110111001000111
11111110111111000110111111111110010111111111011011011111111110111111111111011110011111111111110011011101101110111111111101111011111101111101111111101111011111011101010111110110111110111111111101111111
11011010111111101110111111011111111011111111011101101111001111111101111011111010011101101111010011111111111011111101111111011111001111111111111111011111010111111010111011010111111111001111111111111100
10111110110011000100101111110011101111111111110101111100111110111111101111100111111111110111111011001111111111110111111100111101111111011011111110011011111011111101011111101111010111011111110010111111
10110111110111111000111010101000010110001001110110111101100001001011100101001010001111100011000001110111110111110001110100111100110111010000000110010100110000000001010010011000000010100001111110010011
10111111011011111100010001000001000000010010001101000011110010010111111101101011011101000100000010101101000001001100010001011110110111000101000000101110101111001110101000100001010100101110011000010100
01110011111111110010100001000010101111000110001110010001010000010100001101010010111111010011110001101011001010010001011011100000110011110010010001100010001100110001001000000111001110010010010111000110
11101111101110111001000000001100001110001000100011000101011000011100110101001100001000100101110111010010110000000101110100011100100111111000010000101100000000010110001000100000110100000001100001000110
11111110111111111000100001000000010000000000110100100101101101000100010001000001000000010001100001000110110111000011000110010111101000000110011000111110101011010100100101100001110111100001001001000100
11110001111111110001010110000101010101101110001001000011101010000101110100100000010110000000101010110000000001101000010011000111000101000010101000110001001000011001000110100000000100001000100011000000
11110111111001111111010011011000011111110010010001100000000010000001100000010000010000000010011111011001001111110010000110100101011010000011001110000101100010000101101001101010001011101011010100100000
11100110011111111010000000000000000100100010010110001000001001011111001101010101000101100110010001000110110110100100100000110000101010100100110000011001011000001100000000000101111000000100001110010110
11111001110101110001000100111110111010010000011100000010000111000001100000001000001111010111100010100111000011101010000110001100000100100001110000110110010001101100111000001000000000100001101101011001
11111111001010110010001000001110101100100000111101010101100100100001010110010010010100100000110100010010000010110010000010000010000000100001011010001001010010111001000000110110001011011101100100101000
11011011001111101101000100000001101100101010111010000111111001010011101100111110000101000000011111011000011111001001011101100101101101000010111100000001001110000011000110011000011101000001101010110001
11101111111111101011000000000001011011110010001011001101000011000011100110101100001110101100011001001100110100000100111011010010010111000010001011000000000001100011100000101111011001001000000010010001
11111010110111111100011010110001000100111110001010001111100000010110010100100010101011111000101011001101010100101000010001010100100000011010001001010111100101001000000000011110001111101000100010010011
01110111111111101101101011011100000000100100010100000011000001001100000000110001000001110010011000000000000110010010100100100000000010010100000000011001101100001100110001100101011010010001000010000110
11101011101111011001010100000010000100010001001000100011000110001110011101110111001000100001100001011010000011011001000110000001001010000111000010011010001100000010001000011001010011100101101011001100
11101111111101101101001100010010010101100000001101000001110011011100010010000000000110101011000111100110010011011101111101100001000000100111100000101000111010000000001001100110000100110001100110101000
01110101000111111100101000111111000100000100000000101010001110000010101010000000000100010111001000101110110010011010111000011001000100000101010011000000010100100110111111001000001000100011000100000000
01110111001110011001010000010001010000111000000100000011001000001001111000111000001000010010010010110010100000100000100000100001001100000100110100000100010001010011110000010000111001000000011010000110
11011111001101110111111110010111000001111100100100101000000000000010101100011100000110100011100010110001011111100110110001010111100011110000001110000000100001000101100011001001010110000111100001110000
11111111111111011010001111101111100101000000011000001000010101100010011101001001100000011010001010001000110110000111001111000100000000101000000100000100001010000001100001010011011011111111000101011001
01110111110110111100001001111011101000100010100100000001001100111011110001011111100110001000001111010110010111111100000000000100111100101010000111000110111110101100010100011010001100100000101010001010
11110111110111101100001110110010001011010000000000010101000111111110001011000101100001100100000000000110100010101011001011000000011100011000000111000000001100000010100100010000011000000011101101010000
11101010111100101001000000101011000101000100110101001101001010011000101110000111110010111000111000011110111010001000010101000010001101111000101000100011111110000001101000000111100011010000100000110101
11111111111111111101001000000001110010000010001010001000111011010000100000001001011010001111101000100001100000111111001001111110010010101000101000111100100010000100000101100010000000011100010110110000
00110111111111110111000101100000101100110000100010100111000000001001011010010000001010000001000011000011100100110000111001011100000110110010101010111011110110100010111010001100001101010111000100110111
11110111111111111000000000010001111101000101000110011011100000011100000011001011110101000000000110110001100000010000110010001000011000000000110011101000110001010001111000000101001100011010001000000011
11011111011111111101001100000100000101101110010000101111101000000100111100101001000001010001001000101011101001000000010010111000000010111111100011000001000000011111011101000000101100011000000000011100
01111111111101101011110101001100111100111011000010011001101011010010010001000001100000100111000101100000001000000010110011111100010011010001010100000000010111001011000000100100110011100111100000001001
01111111111111011000010000010101100000111001000001010101001001000000100100101101000000100100100100010111100010001011111110010110000101000010011101100111110001010000100010000111101011101101110011001011
01101111110011111100110110010001011011101110000110000110111011001000110000101001110101101101001010001101100101000101010001010110101011110011010001000011000011010100001010101001011000000001000101000000
11111111111111110100010101110100010000101100000000000010100011010100000110011001101011010101001110010011001100010001010000101101010010111000100000000000000101111001011111010000100100001101000110110110
01111111111111111010110101011011100111100100100101000110010000100000001111010110100100111011100100010000001000011100010000000010010010000000001000101101001001101011000010111100011101101001101101000101
11111111111101101100110000001010111010010000100000101011110111001110110011000111000000001011011010111101000000000010101000010010110110110110110100100010100001000000101101101010100011011100010000110111
01001111110110011001101101000010010001101110100001000001111011010100011110111010001010101111111100001000011111011010011101100100001100100001000000100101010011111000000101101010100100100001101001110110
11011100101011111100101110010000101111110100011010001000100011001101010100010010010010011100001100111001010011100001010011000001111101101101001011000110111110000100001011110101011010000010100001100111
11001111111010001000010000000011001000000011100000000010000000000001010110010010110111001010010100100101010000100100110100011010000100100000100000000010000001000101010100101111110100101101001000010011
11101111100011100000000001001000000010011011000011010000001010001000110000010111000000001110100010000111001001110110100011001010011100001101000010000100001100010101111001010000000001001010000101010110
11111111110101111001000000000111101110010010100001011000000100011100001111111001100000011111010011100011011100000100000000000010111000111000010110101110010011001000000100111010000001100011001000011101
11111011101101011010111011001100000101001000010000100010000000100001001000001110100111000001101000000100011101110011000111000001100101001010011000000011110000110101000010001111000001010001100000110001
11101011111111001100000010101011111101000000001110111000010000001000110001010000000000101000100100101100001100010010100110100000011010110100110010100110101000100000010101010100101111000001010010000000
11110011111111111100101010010101000001000100011101111000000000000010000000010010000000010101111110001010101111110101000100010101011001010010100000000010110110100100000000101101100010101100111010111000
11100011111110111111100111110111011011000010010111000000010101000110110111110101100000000011011101100000001000101111001000110000110000000001100010000011000100101000101100011010001001010001100000100001
11011111010101011001100000000011100110001100000000000000010001010110111000001010000000010001101000001011001100111010110010111100011100100101010110010010000100000001001100100001111001000101000000000011
11010011001111111111000011110000001110010011100011101011001001001001000111000110010100100010111001001100000111001111100001000010011110100000010000101001100110011100110111000010110101010100001001100101
01111101111011111010000011001000100000000111000110010001101100001010010010000100000101101110001000010101110101100001101010010101101001001011111101100010101100011001100011001001011010110001001111010010
10101111100111111101111000000011000100000110001001000101011100001001100001010000001101001011000010011110010010111110000000001001001000011110000100111110110001100001010001100010001000101101100010111010
11111110010111011110001010110000001000000011001111100000101101100010010110000000001100001000001101001000011110100100010010111001101100110100001001101000110100100000001111000000100001001010101110001110
10101011111011111110001110101111000001000101000111111010001100000100100101100000000001110011001101000010010010000110100000010011000101011111010011110100001111011010101010000110100110001111000001000111
11111111111011011001000001111000101010000011101110000001011001110011001100101000100001011001001101000000000101100100010011010100010001010000101010100101100001100110101001111000001011011010000010011101
01111101110111111101100010101110010101010000000010101001101100100000011101000111000011011100100110000010000001111000011000000000101001000111110100111001100101100000000010111011101110010101111100110000
11111001111111110010000010000010101011110101010000000100100011010000001000101000110000011100010101111101101100010101010000000110000001011100100110000100010001000100000000100011000001100110001111000110
11101111111110101010010001010100110101101010110100110000000000000001010011010000100110101010110100000010011101010101111000001101110100000011101010000101110010011000000000110101010000001100000111010000
11110111100110111011110001011100111100100001000000011001010100110111000011010010000000110000000000010100100110011101110000100011001100100000100010100101001100011001000100001011100000111000011110100100
11110011110110110010100000000100011110000100010100111111000001110110100011010100001000000100100111101000000000110100101111100000000100110100111010001010001111100011101100011111111010101011100000010000
11111101010111111001101010010101110111110101000000001101000001010100001010000100110000010000100110110100010111000010100101001110100001010100001011100101000000000110001110001001000001101000101000010010
11011101011100111100000101001001111000101001111000110000001100101100110001011001000010100110001110010001001100000100011000011001010000000000001100000101000110000110001000101000011100011101100000110010
11011101111111111001010100111011101100011010011111100101010101010011001000000001110011101000110100000001100110001010001110000100011110110010100000101001010101100111000010111001010011000000111000011000
11111011010110011000000000000001001000101110101101000111000010110001100000001011000011110011001111010110000111101010110100001110001010000010001001000000000110000010001000001110011000000100010110010010
11100011111111011001010011110010001000010001101000111100000011011001000100001101101100100111110000001001110010110111110000110000101000010100010000100001001000101110011010101000100101011101100010011001
01111111110101111000110000000110000101000000100100010011010000001101000001110000101100010010001100000001111001010010000010001010001001111100000100000000110000101101010001001101100011010110010000001000
11011111010111111100010000100011100010000011000111001011001101011100111000000010000101111000101101101111010100000001010110000000000000000111001010100000000101001000111110001000001000110110010011000101
11101011011111111001100000101011110001010010101001001001111000001011010000100001110010100000000110010101011010100010111100100010001011011011100100000000001010000010000011010010111100001010000100101001
11011111111111111011101000011001110110000101001101001011100010000100010110000000100101010000010000010010010000010001000100110000011010110010000010001111101100000001011000100100010000001000000000100010
11110101101100010010101000010000011001100010110110100001000011001110010111011011000110100101110101100011010110101010011000000001010000100100111000101011110010000110111000100101000101001000000110110000
11111110111111111000001010100001001011100110000001000001011101010001000101001110000010000101000001100000100111000010110110011000111100100011110001111010011011010001011011101000001110111010001011111101
11111011011111110010100010000001110011011100010010100011011100000110101000110011000001000000010110111010110011001010000001001111100001101000110101101011001110000100000000000001010000011010000010100011
11111111111010111010100000010010011111000011101110100101110011000000000010000100101000000000000010011100000000011001011010100000110001011110111111101001000100101100001011101101111110100011100010001100
11111111111011110000011010111110001001001000011011001110010111010001000100011101010000100110010011111100000110001000010001000000001101001111010100010001010010001110101110110001100000111000010001101110
11101110110101111000010101001110010000000011001100101000101001000101000000011100000010111101100011100101000000101000010000010100100011001100000100001010000100100010010001010100001011010110000110000000
10111111011101111001001001001101110000001001011000110011111100000001000100011100000010010011001000010000101110011111110000100110110001001000111110001100101010000010010110100001110011001100000000011010
11010111111111101100010100100100011111011100010000010010010011101110011100100111000100101111100000010110110100000010000010100100101010110110000100101101011011000001011000011110000001001011100011101001
11101111111111110011110110000000110110100011010000000011000000010010010101001000010011000001110001100011010001001010101110011011111011000011100100010001000000001000000000001100001000110101100010000001
11111111101010111100101001111010100100011000001100000011010100111110000110100000111010010000100011110000100111110100100000001010110100100000001000100000101010000101111011101000010000001011000001101100
11111111011101111000010111000010100000001110111001110010011010110011100100111100000100101100101011000000001100001111101010111101110100111111111000001101000000101010001111011000010000001000001011010101
11110111110111111010001100111101110001110010100001110110000001000111110000001100010001000000100010001111001010010011111010111000101110010001010110010001001000111111010011001001010010011001000000110001
11101011111100111011011011000010001001000011100101110111100010000100010000000110000110100100010001010001100111111010100010011000110111000100000110100000001001011001000101000101101010001000010010010111
11111011111100111101001100000010101000010101101000100110011111000110101001000000100001000010000001011000010010101011111110001101100110100001010000110000100001010010001000100100000011010100100101000000
11110111110111111000100000001010110000100010010000010110101000111100000000101011100000100001000110110100100001001010110100100100110000011000000001000100001011100100010001101101100111110111010100000011
11110111111101111010011010000111111010000111100011000100000100101100100110101010100101011100011010110001011111111001010011010001010000000000010110000010010000000010000000010011110001111100010100000111
00101010011110101101101110001010010000111010001001000011010101000111110011111101000100100110000101101001011001001000101111100010101010111001000001000001011100010001000000000000001001111100110000100000
10011111111010111111110110001000000100010100101001010000111110111011001010100010001100011110000010111010100010000101000011100001110000001111110100100100000001000010000100100010000101100001000111100000
00111101111111110010001100011000110000000101010000000001100011100000010001101010010010010001101110011100101001001000110010011000111110100001001000000110000001010101000100010001100001000110110110001010
10111111110111010010010000000011000010000110001011000110001011001000000000011001110011001010010010001000110001000000010111000001000001001000011010000000101000001000100001000110101111000000110010001011
10100101111111101011000010001001010100101000000111010001110100110001100001010001000010001100000001100000010011100000000101001011110100011000000001110100110011111110000010100110101010001010011111000111
01011010101011111110000000100000011101000000110011011111110010000000000000101000111110010010101000011000101001101000000101000000111100010100001100001110111010000010110001011011100101101010000010001110
11110110111010011000000110111111100111100000101010011001011001100000101100011001100100010100000000100001010001010100101001001101110000010000011001111101100011010000001100001001001100010110111101000000
01011111111111110010000010000111000011010100111100100100000000010000111010110110011100110111000001000000110001000100001011110010110000111011110111100000000011001001111000110000000000010000000011000110
01111111110111111000101101100001000101101101110000101100100010011001100001001010110011010000001010100110010110000100101110111000110100111001001111001100100110000110110000000010100100111110101000011101
11111111111111111110011001000101010101000000000010011111010000000101000000100110000010110110111001110000001100001100000011011000011000110001110101101101000110100001010101100101011000110001100101010100
01111001111110111101001000010000010010100110000111001110000101001101010000000011111000010100101001110010100011011000000111001100001011111011100110001011001000000000110001000101000000000100010011110010
10111111111100111000110001001000110101000000000100100100111001000001111100110010110100000000001100100010101010001001111000000010010000100101100000001010110001000100100000011000111110100000011010010101
01111011011111111010101011000010100000011100101000010001000010111110000001010010001111000011111100100000010001001001000000001000110100000001000000000000101001010000001100011000111101011100101010100000
11011110101101001100001010010010011000001001001110000011001000110001111000101010000111101101000011010010000100000011111100000000100110110110000101011010000000100010001101100100111100001110100111000100
10111111110111110001000000110000010010001010110000111100000101011110101001000101011100111010001101100010000000010001010100001011010000100001100111101100101100001000001001100000000101011010101000001111
11110011111111111110100001000101010100011000111001111010100010011100000010010010000110101010001001001110101110000000101000000101011000101000000100110101000000101010100011011100001111100100000110001100
11111100011111011000010000100110100000001101101001001010011100111110110011000101011000000001000001101110100000010001000111000111000000100000111010100111000110011111101011100010010000010000100000110100
10110111111110110000000101001110001011010100101010010111000010101100010011100000100000110000010001001000111101100011000010001010011110010000110001010001011011001110001111001111110100101000000011001100
01111111110001011100011001000000010000011010001010000010000011110001000101000000100100000000001100000111001111001101010100101011000011100000101110010010001010110000010010111100010111001110110110100010
11011110111011100101000000000000011100101011010110000101100011100001101001111010111110010011000000011111000011000010110011110000100100010110000010001100011001110000110100000110111011111000000001111000
11110101010101011010001001010101111010101010011000011001110011110000101000000100000101000100000000000010110000101100000110101001000001011100011000110100000010001111110110011111101100011000000100001101
11110010111001011000101100101100111011011010011001010000001101100000101110010001000110100001000000100000010001001000001100101011101001001100011001000000110011001000110001010100110101110110010001000101
11111110010111101000010010010100000010000111001100001110110010100000011001011101011000111001011010100001101100000011000010011101110101100000111011101000101101101001110110010010011100010111001000100101
11111111111111111000000111000010000110010000111010110011010010010001100010000001010000010000100100101011001011011101000010100001100001010000000010001011101001010001100100101010001000111001011000010000
11111111101111011001101011110010000011111100111010000101001000011000100101110000000100010100100100000111101010101010001000001010110010100000000100110110011101000000100100010001001100000101000000010010
01111111111101011100111001110000010001001010000100001000000100000000011100100100110001001111010001001000011100100011101110101100100101010010010110100101000000000000000100100100100100101000101000010000
11011111110101111011000101001100000100001010000001110001100110000101000011101000100000111010000001001110110011111001100101011010100000100000100101100001001011100011000011010100100010001100100000100001
10111111011010011101110000101000010110110001011000101011000110000000001000010001111010000010100101101000000110100101011001100000000001001001011001000100111110001001001110111001000100000000111011110010
11111110111111011111000100001001100000111111100001110111110011111101000101101010110111001011000000100010100100010000000011100000111000111100110100010001001110011111001110000110000000000110010010100000
11011111110011111000001100110111000010101000011010100100000111101111100101000001010100011001101100011000110000000100000001000010001001101000100101000100010001011110111000010101000110100110011111000001
11111111111111111010011101110001001011001100001101000010000101000100000110010000001000100001000110100001010100110101100001100101010000111110010000010001001100010000000011101000001100111000111000000010
10111110111111111100011010010110010010010011000000011000000000110111000010111011100100110001110010100010000101100010010010000000011010010001100011000011101101110011100111001111000000000101100011010111
11101111111110010010000001001000110101100110110000010000101001100110100101101000000010010010001101010010010010100110101111011100000000001001100110010010100010101110000010110100001000010000000000100100
11110111111111111000100011010010100011010110000000010100101001101000100111101000100000000011101101111000010110010001111011010110000101100010001000111110110110011100000011010010000101011011010001011010
11111111111111111001010100110010010010101011101111011100100111001011110111101011000100110101001000001000100000011111100100010010010000010001011010100000000000000101000010000001011111001110100000000110
10111110101101100000100101110010011001100000110110110011000110001100100110101110110001011011001010001001000011001110010010011110010010001010111100001001010101011011011101000001101101001000001011001111
10011111111110110001100000011000000000000001111011000000100110110000100000100000000100001000000100000100000110100010110000100111001001000111010000011000110101001000010001000000011000111000010001111111
01111111111111100001110100000001001100011011000001000000010011010111010001001000000110000000111110011001101100011010110001100000100110110001000100111111010011000110101000001100110010010100111110100100
11110111110001001001101000101010011000001110001100100101000000100000110011010100101011110000100011001100010001001111000101000011001001000001000010000001000001000100110100010100001101100011110001000011
10101111101101111001001110000000000000010000010011000111100100100010101010000010100000001011000000000100111000000110111011000001001011000100100111110000100100000110111011001100100001101011011001100000
10110101110011011101110110000001010011001111111000111000001010000110111100001100111001010011100110010000001111111011000100000100010001100110110000110111001110000010100000010111001001110010010011000000
10110111111100110001000000011001110101000101100111100111010100111101000001001010000000101001000011100101110001001101010110000000010101010000000001001010101101010100000000000010100001100001000000100100
11110111001101111100001001111000100100010000100110001110010001110110000000010000110111110010110100001011100001010000001000101110001000010100011010101010000001100101000000101100001111100000110100111001
11110111101011111010011101010001000011001110001010000100001000011111100001000011010011110100001100010101011010010000010000100000110101100000001001000000100110101011000110011001100101001101000000010010
11111001111111100101110001000101010110100100110110010000000000101010000000100011000000000001100111111111010010111001100000111000111001010011011110110010000001100101110010101111110010100010010110000101
11111111100110111101000100111001000000100001100011010111011100001000010000010110011001001011000100010000001001110000011000101100101011100000100000001100001011000110000011111110000010001100010000011110
10111010011111111100111111111010011101011000000010100101000110000011101000101100101111011100111011000100001001000011000010100010010000000001110011001100000011000011001100001101000001100000111100000100
10111110111111111011000100010011010110001010110101100100100000100000010000001000000111111010101000101000111011010000001000110000110011100001101011010000000100010000000010000010100111001010001000000001
11110111011111011011011000111001100100001101010000001011001000100010000000000000010010010001011110110001111000101001001010001010110110101000100000110111000100110101011101010110110001001110101001110000
11111011011111111100011100100101101010101000100001000000101100100101011001000001101010000011000000001101000001101101010011011111001111001010010000000001000100000010110110011010011010010011110101100011
10110001111111010110101010001010010101001100010010111111011010001100000110110000000100000100000010100101001000010010010001110011010000011000011011001101111110100011111000101000110001011000011111100100
11011111111001110000000011110011011001000001100010011010101100110001010010011001001100011111000111001000000010101101010000011000011101111110111110000110000111000000010100001000000001100000100011001000
10111111111110111001100001001100000000110010111101000010101101010100100100100011000111110111100100110000000001011001101000010000011111001111001101000001001010001000011100110110000111000110011100101000
01111011111111110100000001100001011010011011000010010000001000000100000101101001111010000001000101011011000110011001010110110111011000000010100001000001101010110001111001001100001000111001010010100001
11110111011111101001000011011100101100011111100000010001011001001011110001111010101011000111100110100101000000001100011000011000010111101101000101110101000110000000100110000010000001100101011001000100
00110111101111111010111010001000011111010000100011111000011100001111100010010100001000111000010000111100010010101001011110000001000000010000010100010000000000010010010011011011100010010000110000111001
11111111110011110101011010011000100010110000010000000110001101010111100000111001010100000001110001001110000100001001100010100011100100001100100010100001011010101000010001100000010000110101001010111001
01111111101001111000001101011000010001000000011000101011100000010000001111100000010100111010001000011100010101010110000010010110011101000000000110000010101100011110111111110010111010010101100010101001
11001111011111101000000111010000100011000100101000000110100011000001000010011100110100111001000101010011101000110010000010010001101110111010001100000010010101101001000010110000011010001000001100111000
01001111110111111011001110001010100000011001110000000100101011101110110101100110111011010101000000111000101000001111100010001111100110010100100001010100000001010001111100110000011100110100000100010000
10011011010111111001000001101101101000001010111010000101000011100110010110011000011101000100000111001110101000010010100011000001001100011101000100010100101000110111100010100000100000011000111101101101
11001111111111101000100000001111001010110011111011010011010101001001100010000001000100000111001100000100110100000000000001100100100010000011100001000000110110010000101011001100111000000100010000000010
11111011101101010110111100001111011010010000110111000111101100000100101100100001010111100011011111010110000000110001010001110100111000100000000001011011000100010010001100001000010011001000000011100000
11110011110111111101001100110111100100101101000101111110101101101001000110010010000011010100010100010000110000101010011101101001000001000101010010010101000111000010000100100001000001000100000000100100
01111111101001111001101000111100000001000110000000010000000010100000110100110010011001000001000101111011100001000110000010001110000010111100110000001000011010000101010111100000000000001000111000000110
11101110111101110010110000001110001010101010001110000000001000100000011000111100000011000001100010011011111110110000100100010000100011110110110001000010011000101000011100010001010000011011010101111111
01011011111111111001001000011000100011111100100011111111001000000000000000010010101001001100110010000010110001101110000110011001001011101100101001011010101000101000100000011110000111000010001000110100
11001111111010111000100110001000100000010000000010001010000111000000001001101010100110000010110000010000110010100000101000000111010010000011001100001110000010111000101000000001100111100001100110000010
01111111111111101000000001100001010101110011000101011010000010001100000100101110001100001000011010111101001100001011011000100101011111111101000001000010100010000000010110011111111001011011111010000101
11011111101011111110001101000010001000101011100111101000100001011100011110001000100011100000010111010101011001000000011110100110100101111110001100010010101011100010000010110100000100000101110100101010
11111011111111011011110010110111101111101001011011110001011000000001101100100000011011001001111000100010001001101000111101001000110001100000000100001010010101011010000000101100000010010011011110011011
10111111111011001001101010000011100001011010011111101100111001001110000010011110010100001101011111001000101010001101010101100001110100001001110011101100000111110010000001101001100010111010000011001001
11001110111011110001010000110010111000011100110010010011000000001111000100001100000001110000000001100000101010010100100001001001010100101101100000001010000110110010010101001101110101010001100000001001
11110011101111011010000111010000001001011011000000101001101001001001011011000001001000100000100000100101000000100101110100010011000111000000001001111001100001101100000110010011001001011010101010000101
11101111001111111000000110010111001010010011100111111001011001000011010000111011011101011001000010101000000000100111110110011001010011010001111100100010010101000011010001010000110000010000001110100101
11101111010111111110000000100101000100101011110001000100011101101010001011100101100010100101100000010001000100010111101001000111100110111000011111101111000000100110100100001001000011101000100100000100
11010010110111111001101101100100000111111001010001101100111111100010000011010000100100110001001010010001011000000011101000101010110000000011000000001000001001011101010010100110001101011101101001000110
11110111110101101101101100000011110100011101110100000100010000000100001010000000000000010100100000100111010110001011010010100000000001111000000001011010101100001001000011011000100110100001000110010110
11101101111111111010110100111001110011010101110001010001010110011111000110101011110100101010100010110111100000100000100101100000100010000001000011000110010110011000110110100000101010100000010010010000
11100111111100111100101110000101110111100100000011100001010101001010110000000011010110000010110110010000001001000100001110101110000000010011100001000000100001011100100011000100001000001010111101001010
11011011111111111111100110001001101000001100000001101000100000101111010001110001011001111010001000001011011000010010101101010011011011010000100010110100001010011001100000001101010101000000010100100001
11111111110111111010001000000100100000000111100100111000111011111100100010001001010010101001111100000010100111100101111001001101000000010011010100100010110101010010110011001000100010110000101010110100
11101111111101111110101011110111001000011001010111000010001100101110010101010101111110100010110011001101001111001110010001000101111001001011000100100011101011001000110001001001010101000000010100000000
11011011001001101101101110110000110010000101001011111011100110000101110000010001101100110001100010111111010011111101111011111110000010101001101110001100101010100000001100101110010000010100010111010100
11111111111101111011100010100101010010011000000110011100001011010100000100110101011000001001001101001011011001101111100010100000111100001010001001001000011110010000010001010010001000100001101111001001
11111111101111110011001100110010001010000001101100101011001010011001101100110001011010001001001010001100010001001100010000011110101000000100110000110100101110100010001011100001100000000100010100111001
11111101011111111111000101011011111110000111001010001001000000001100010100000100001011111001100011100101100110101111110010100000000001001011011010100000000010000110000010000101001111000110101011001100
11111110011111111110011000011110100010001100111001011001010001001010001010110001101011100111001000011010110010101000001101110000001110011010111000000001010010011011110010001111000000000010000000000110
11101001111111111010000101101011000110110100011110001000010001000000001101110110110001001100100110010101101000011111101100010110111000001000000101100100000010011001000101111001000011100000000011000010
10111111010011110010100010011000001010000110001001000011100100000011111110000001101011110100010101100100110010111010100100100111000100010010101001000010001001001111011000000110011001011011010001011001
01111111001110111000101101111010100010001001010011000000110001010101010001001100101000110001000101010101011011111010101001110101110010001000010001011010100011100101001100101011101110000100010000001010
11110110111111110001011000110000000001101000011111000001010100011110001001011000000000101100100001101000101010111000010010010000111100100110101111110101100010000100100101101010100111011110000111000100
11101111111101011011001001101110000111010010001110111000111100110110111100000101101000101000001100000100000101011011000001101100010010010010101110001010100000110011000000100001000010000001010000001101
10001111111111101110010000111000001000010100101000100101100010100000100010011001100101000010001010000100110010101111000000010110000010001111100111010100100000111101001100111010110001000100000000000000
11010111111111101110010011011000000010100010001010011000010010110000001000100100000010000000100001100010011011100101010100000101000000111000001000000110100000000100100000001011111100001011000101000110
11110101111111111101110000101100111110001000110010000000101001110010001111111011010100100111000001101100001100111011110000000000000010100011000011010011111010010110001101000101111111010011010001000001
11101101011111111001110001000010010001011000000001000001010101110011000101011111000010001001000110011100001100111111110101010110101101000000011100000010100101011100011101101001000110001010010001100101
11111111011101111101100000011011110011011101000001010100010111010000111110000001011010100000101001101000111101100001101100001001111001000010100100000111010001000110001100111001010100000001011000111001
10010110111100110000001100010000111001110000101011000010111011000000010100101110001111100011011001101000010011000101010110010000000000010011011000011010001100110101010000000001111101101111000111000010
11111110111111111101101000101001001110000000100100001110010010100100010001100100010100101011011001010000100010100000001000111100001111001001011011110111100111011000111001011000001110100000000110001011
10111011101110111010000100000000010000000000100010000001000000000111001100000010110111010100100011111101000101000010000101110010011100000011000110001011000000000101001000110000000000011011010010000011
11111100111111011001010001001011001001010000001101011001000100000000001001100010011100001111001110110101101101010000110011100000100011010111000100100101110100100101001101110100110101001100000001010011
01011111110110101010100100101000000010101111011110000010101000100010010011110001001010011000001011001101100000100010100010011010110000000001011000011010010000000001101101000101110011011110110000000000
11111111110111101010110001100110011000011100001000111100011010000000100000001000000110000100110010001011100100100101101111001111100000110010010000001000111011100110001110010000111000010100110110101000
