00111110111100111111111011110110101111011011011011111110101011111001011111111101111010111101111111111111101111111111111100111
10100111001111111110101111111111111101110101111100111111100110100101110010111111011111110111111011111111111111110111111011101
11001110010111101111010111111111111101011110111111011111111001111111110110111111011101111101111111110001011111100101011001101
11100011111100111101111110101110111111101010111011111111011110111111011111110101011111111010101111110111110111101110111111110
11110111111111111111111111010101111111101111111101110111101101111111111111111011110011111111111111111111111111111111101100111
11111011110111101110111111111111111001110110011101111111111111011111111011111111111111101101011011110011111111110111111111111
11011101101000111101101110101111110100101110101101111111100111111111101011111101101111010011110110110111111111111110001111110
11101110100111111111111111111110011100011011011101101101011110111111101111101111111101110111101111111111111111111011111110111
11001111001110101111101110101111111010111111111100111111111011011111101111011111111111111101111100101101111111111111011111111
11111111101001111111111111110011111100111011111001111110111111111101111101011011111111101111111111000111111111111111011011111
11111110110110111111101111111010111011001111111111111111110111110110100111001011110010011111011111111110011011011111111111110
01110111111011111111111110101110101111111111111011111111011111111111111001110111111111101111111011111111111110101001111111111
11011111111101111111110111001111110101111100111111111001111111110111111111111111111111111111111111011111111110111110111111011
11111101011110111111101111011111111111111111111011111111111111111111010101111110011011110101111110111111111110111111110111111
11111110111111011111111111111111011111011111111111101100001111111111011101111111011110111111101001011111111011100111111111111
11111101111110001111011110111111101111000100111010011111110011111110101010111110101111100100111111111011111110111111111011111
01111101111111100111111111111111101111101111111111111101101111111111111111111111111111111101110111100111001111110111010111001
11110111010111111010010010001101001100010100001110111100101101000000110011011000100010100011000101000110000100111010000000010
11111110011111011100000011000000000100100010011001010010001100101000110110000010000100011001001111001000100101110101100101110
01111011111011011100010010000000010100000011101001011101000110110101100100111001110010000001001101000010101010100100110001111
11010110101111100001001000101100010001000111011011010000000110111000110010001000010000100000000001000101010101010110110000000
11111111111111001000000100011001001001000010110100011011011000000001010010000001001111000100010010110110000010000011101001001
01111100111111101011110001000111011011110000010100110010100000100000001100111101100111100101101110010000000001100101010111100
11110101111111101110111000011110010010101100001100010111000110001100011110010011000010000000110011100011010100000010000010001
01101110001110101000001100010101000101000001011011000110011101000000101010011100100000100000001010001100111011100000110111100
11111011111111111001110010000010111100001110000101101100111100001000000001100010011101111101111000000000101000010001001010010
11110011111101111110001000010010000010010101100000000001001101011100000001000101000110111110001000000000000011101110110100101
10111111111110111001010111000110110000111000011110001111010000101110000001011100100001011110001100100011011100101101001000000
11111111111111111011001011010110001000110101110100010000111010101110000010010001100011010111001001010010010000111110100111101
11111101100110111000000101100001011001100101000001010100110011010101000000110010110000011001000111111101110010110110111001001
10011111111100111000100011001101001001011001110101100011101101100011000111100101011010001000101111010111111000000100011100000
10110111111111101110100001010000101101101001010000010000101011101011001010011000011010010100000111000010101111010100000011001
11011111111101111110100100000000000001000001010010010100011010101101001010000100101000100000000101000000100100010001100001011
10111101100111111000101001110011000010000010000101100001011010000000000101010011010000001010000001001100100000000011101010100
01111011011111111001010000101100100000000100100010000011000010110011000110101000101010110100011111110101000100110111000000000
11111010111111110011111010000011101011000100101000011100010000111010000011101000100100101000011011001011000000100110000111000
11110111100001111110110010110010111100001010000001101111000111100011000011011110001101001100011011110011010000110110110110001
11011111111111111110000100111101000010100111110010110001100011100010000000110011010010000100000101010101100000000001000001011
10101111010111111010001001011010001100010001100100001010100111111001010101110001000000001000000010001101010010101001010010100
01110111111111111000110001011101010101101010100001000100100100011000101111010010100001010101010110100000001100010001101111001
11110101111111111001110010001000010001100000001111000010011000000101100001101101110110000100100101011000101000101010100000000
11110110011100101100000111011000011011101010101100110000110100100101111001000010001000001010100000110010110101001000101110000
10011111010010011000011000110010111000010000100100011010001011100000111000001011011000110000001001011100011000110101001000010
11001111011111001001100000001011001101010100101101100110111000011100010100001000100011100110011101110110010001111010001101010
10111011011110111000100011011010100000000111010010001000000000000101000000000011011111001111001110010111011000000010011100100
11101101111101101100010001110000000001000101000110011100010000000101110000110001100001001000110001001011000100010010010100010
11101111111111111010000101001111101010010010000100100011101100011100010010001011101100010101001001011000111001101101000000011
10001001110111011100111001000010001001010101111001000011001001111110111110101100110001011100000110011100001100100011111111111
11011111111111111110100011110100000000010000010001011001000000001010101100110100011000101111001000000000101001000010111001010
01111111111111111111001000101100000001010010001000011001000001110111100001100000000100010010110100001010111000101011111001001
10111111101111011011110000100110011110000100000001001010001000000000001010100011100101100010010111110000000001011101000100110
11111111110111010000001011010010011110110110110000101110010010001000110110110000000010010101011011000111010010010101000000000
10110101010111011011100001001001101110000001000100010100100011001001000001011000010001110111110000001100010100111111101000000
01010111101110011010100001000011000001110110000001101000101100100011001101101000111101100100000101010110100111000000000000110
11111011011111101101010000111100101111100011010001111001000011110100111001000000010101110100111010001001100101001101001101000
10111111111111101010000001100101010001010100000101001010111011000100000001000001000010001001010110110101001111001100001011011
11110011111011111000000000001001011101000110000110010110000010110100100010001101100110011100001011010110110011000100001001001
11011111100011111100001000111010101111000101000111100100100111110001101111000100111010100110000100001101000000010010011000001
11111001101111111010001000001010001101001100100001110010000101111001010100100100001101000000110010010000000000001101000101001
00110010111111111000010011100000000101110001010001010100000000010100000111111110011010100011010101010100110111111000101000000
11111111111100111100100001011011000001111110100101101100001100001000011001110010111110100011110110000101001000000001111011100
11110111111101001011001001110010010001001010001000001000000000100101010001011101000101001110110100101110000100001010010110000
11111011110111111100101111111000000010001001001001001101010001010100010001110010011111111011010001000000011000001000001101111
11111111111111101100010010111001000111001110100011000110111100001011011000011101001000100111111101001110000001000101110010000
10111111111111011010011010110001000100110001110100111000111101100111100011111000100011110111100110011100100001000000001100100
01111101101111111010001011100100010000001110000101100110011010000000100001000001000011000011010110010000001010001001100000010
11110101111110111011101001111010011000111010100100010000001110001000000001001100001100111001111110011001000010000110101010100
10111111011111111000000100111001011101111000011110100000010001101010101100010010110101001000001010101000000101010001000011011
10011010111111011100100000100100011001111100001100001010110010110010000111100000111001100100000001111000000100100010000010001
10111111101111101101001001000000100100001001010011000001000001011000100010000000100000000001001001100011000110000000100111100
10100111001111110010011000011000111010101111001011101001111010111001000000010000111011011110100100001010010010101110101010111
11111111111110111100100000110101100000101001001101010011010010111000100000000111101000000101111000100010100010110010010101000
11101100111110111010100100011100110010111110010101001000111001011001011000001011110000100010000000110101010000101010101100100
11111110111011011111001100010010110011010010111111100000010010000011011100100010001001110001010001010100101111001000110011111
11101111111011111011000011011101110100110100100010110001101010111010110010001110000110100000010110010000000010001001010001100
01100011111111101101110101000000001101100110010010010100111101001010010011000011111101000001100100010101000000001000010001011
11111111111010100111000011000011000101110110101000100000010111110000000011100011111010010010010111001011100010000011101101101
11011010111111111100011000011011001001010111101010001110101000101000001110000001101100001010001101101001010100001001010010011
11111111011111011111010101000000101101000010101101001010101101111001110000000101111000111000000100011000010011000010001010000
11111101111111101110111011110101000000010011011011111010011001000011111010110000010111010110010010000110110001111000110000100
11111110111111111100000000001100001101111100101010000111000011101100111000010011001000000000000111000011001100100101011000010
01111111111011111111010001100100101101101011011110100000101001001100010010001000101110001000101010101110100111011001101100011
00011011111110011010010011001101111001011011111000110011011000000001001111100101110000000010000101111110100000010000110011110
11111111111011101001011011110010001001111001001101011110100000000011110000100010101000010010010110010111110100000001110110110
11111110010010111000000001011001110010100000010001001111110000011100100101010100110000111111000110001100000110100100100101010
01111111010011011010001001001000010001000001010001100101100011110100010110000001001010010000010001001110100000010010000010101
11111111000110011100011000001010110100010010000001001010101000000100011000001110100010000000101011101011010110100111010101011
11111101011101111001000010000010110000000000100010001000000100001001001000100110101000000000000010110000100001001110101011010
10111100111111111000110101001001111000001100011001110110000101000000101000011110010000000011100101100010011110011010001101101
11111011011100110000011010011011000000000110011010010000101000111010010100011000000101110001000001010010011000000100110110000
01110001101111101001001000110110110011000001100100010101111001100101110110001110000010000100001010100010000010000010011111010
00110011110111011000000001011101010000110101001111100110101100100000000010101101111010000100000011010001100100010000100000110
01111110111111111110101001000000101010010001100011100010000111101100011100010100000100010000011010100001101100111101010001000
11111011111111111010000111000001010100000000111100000011001000010011010101010000010001110001000001000111010100000100100110001
10011111010101101001010010100101010000011000000011100011111011000000100000001110100111110100000011101101100001100100010000001
10111000110111111000000011011110001000000111010010110100110000111010001011001101101001100000001000011011101111011111100000000
11111111110101111011001010100011100000011100001010000100100000101000000100011101001000000000111101110011101110100011010010110
11011011111111111111100101001000000000011000010101001000010010010000000101100110110111100001101100010001000000110010011000011
01111111011111011110001000110001100000001100001000101001000001110000110001000010100010001011100110000000001000001010100101101
11111101111111011000100010001100100110000000110000011011001100100010111010001110011100100010000011101000000010001101110010111
11111111111111110001001001010100110011101110101100100001111101001000000110011001010010000010101000100101101100001010100110010
11011010111011111001001010101011110101011001000001100000111110100010100110000000101011110100000010111000001010101101001100000
00110111111111101001011100000010100010000011010110001111000001100111110110010111111000010001010000110000101101100010000000000
01110011011111111000100001010011010000000100001010000001000000001000110000001001010100000100101100001110001000010111100101110
11010011011111100101100000010000011000010010000000110100110100001100001010000000101110100010100100111101010010001001010100000
10101111111111001000000011101100101100001000000101000100111000000000100101000111011010101000110010111000001000100110101110011
01001111001111101000100110111000110000010000000100010001011101010010010001000110000100001110101100011001110101001110101111000
11011011001111111100000010000010001101010001010000011100111001010100110010101000110100110000101011001000100010010011001111100
01110111101011011110001101010000000000011110000011010000001011101000100100000110100100110101001000100001110100001100000101011
00010011110111110000001000010001100000010100000011100100101001001111000110100010011000101100000111111100011110111100110011011
11100110011111001011000011101001100011000100100011001110001100111000100010000001100010011000100001001100001110001010100100110
01111111011111111010100010011010101111010110111101101000001000010000101011000000100100001100111000010101001100000100100110010
11111111110111011000000010000100110011111110001110111100110111011010001010000111100100010001000001010001000000010010000100010
11111111111001001010100000000011101101001101001011100010111001111100011100010000000110000000100110010010010001110010100010001
11111111011110100010101000001001000010100000000111100000101111111000000001000010101010100100010111111001010100000000101101000
11111111111111111110010100000100100110100011101101110000011110111110111100100010000011000010011110001101000000000100000101011
10111101010011111100000011010001101001010001000100110100000001111010010010010001100100110011100010100010100000111110000000000
10101101101111010101101001001001010001000000010000110001001000000101001000000000000111001000001011010110000000000000101100001
11111111011110111101100000110000100011101110001100000001000101000000010001000110010010110101110001011101001000100111110001000
11111011111011101110000011011101110010110111101001011100010000111010101100011000111111101000001000010000001011111100011000001
01111011001111111000000100101001110000010000011000000010000100000011001000100001000001100010000001001001000010011101100100111
00111100010111011100100000000001001110100100110000111010010001110110001100101111000000001010011100010000100100001100001100100
11111111111101111001111110111110000110010111001100000100100110001100101100001100101000101101110000000000110100101001001110000
10110111011011111000000101010100101001001001001100011001101110000000010000000010101100010000110001011001001010011001111110001
11011111111111111010010000100010011000100000011110001001100011011110010000010000100011110100101100000010110011011011110111010
